196 1888 1418 1888 1418 2109 196 2109 handwriting 0
944 1852 1211 1852 1211 1891 944 1891 handwriting 0
994 1782 1169 1782 1169 1813 994 1813 handwriting 0
1178 1790 1412 1790 1412 1863 1178 1863 handwriting 0
1180 1718 1416 1718 1416 1803 1180 1803 handwriting 0
1224 1666 1399 1666 1399 1723 1224 1723 handwriting 0
849.9999999999999 1606 1111 1606 1111 1644.0000000000002 849.9999999999999 1644.0000000000002 handwriting 0
797 1662 998 1662 998 1705 797 1705 handwriting 0
613 1669 698 1669 698 1709.9999999999998 613 1709.9999999999998 handwriting 0
463 1662 540 1662 540 1694 463 1694 handwriting 0
108.00000000000001 1666 416 1666 416 1879 108.00000000000001 1879 handwriting 0
375.99999999999994 1532 475.99999999999994 1532 475.99999999999994 1581 375.99999999999994 1581 handwriting 0
586 1598 631 1598 631 1636 586 1636 handwriting 0
1086 1488 1418 1488 1418 1636 1086 1636 handwriting 0
837 1388 1312 1388 1312 1473 837 1473 handwriting 0
599 1438 634 1438 634 1470 599 1470 handwriting 0
99 1426 436.00000000000006 1426 436.00000000000006 1552 99 1552 handwriting 0
360 1368 408 1368 408 1436 360 1436 handwriting 0
446 1376 740 1376 740 1413 446 1413 handwriting 0
1038 1284 1212 1284 1212 1332 1038 1332 handwriting 0
772.0000000000001 1718 882 1718 882 1753 772.0000000000001 1753 handwriting 0
747.9999999999999 1266 900 1266 900 1299 747.9999999999999 1299 handwriting 0
104 1222 552 1222 552 1319 104 1319 handwriting 0
694 1202 1104 1202 1104 1251 694 1251 handwriting 0
1124 1166 1418 1166 1418 1283 1124 1283 handwriting 0
916 1154 1126 1154 1126 1192 916 1192 handwriting 0
660 1146.0000000000002 877 1146.0000000000002 877 1192 660 1192 handwriting 0
116 1158 387 1158 387 1219 116 1219 handwriting 0
93.99999999999999 1044 423 1044 423 1182 93.99999999999999 1182 handwriting 0
110 937.9999999999999 390 937.9999999999999 390 1019 110 1019 handwriting 0
630 1038 792 1038 792 1077 630 1077 handwriting 0
590 1098 990 1098 990 1135 590 1135 handwriting 0
1182 1020 1418 1020 1418 1161 1182 1161 handwriting 0
1083 1106 1298 1106 1298 1168 1083 1168 handwriting 0
976.0000000000001 992 1340 992 1340 1031 976.0000000000001 1031 handwriting 0
1132 937.9999999999999 1418 937.9999999999999 1418 1000 1132 1000 handwriting 0
1194 880 1418 880 1418 937.9999999999999 1194 937.9999999999999 handwriting 0
1134 852 1269 852 1269 886 1134 886 handwriting 0
740 932 828 932 828 964 740 964 handwriting 0
967.0000000000001 932 985 932 985 967 967.0000000000001 967 handwriting 0
564 928 674 928 674 970.9999999999999 564 970.9999999999999 handwriting 0
580 980 836 980 836 1023 580 1023 handwriting 0
98 812 397 812 397 902 98 902 handwriting 0
696 868 898 868 898 912 696 912 handwriting 0
540 810 1137 810 1137 858 540 858 handwriting 0
1152 782 1349 782 1349 827 1152 827 handwriting 0
1164 678 1418 678 1418 799 1164 799 handwriting 0
654 758 960.9999999999999 758 960.9999999999999 800 654 800 handwriting 0
134 744 269 744 269 811 134 811 handwriting 0
96.00000000000001 670 424.99999999999994 670 424.99999999999994 750 96.00000000000001 750 handwriting 0
344 744 492 744 492 813 344 813 handwriting 0
92 580 426.99999999999994 580 426.99999999999994 674 92 674 handwriting 0
446 644 1215 644 1215 692 446 692 handwriting 0
1210 610 1418 610 1418 682 1210 682 handwriting 0
1152 560 1402 560 1402 620 1152 620 handwriting 0
96.00000000000001 122 432.00000000000006 122 432.00000000000006 592 96.00000000000001 592 handwriting 0
406 116 621 116 621 174 406 174 handwriting 0
955.9999999999999 112 1196 112 1196 171 955.9999999999999 171 handwriting 0
630 308 776 308 776 347 630 347 handwriting 0
574 366 1095 366 1095 402 574 402 handwriting 0
1101 156 1405 156 1405 393 1101 393 handwriting 0
1102 372 1411 372 1411 504 1102 504 handwriting 0
564 472 716 472 716 510 564 510 handwriting 0
598 414 1081 414 1081 462 598 462 handwriting 0
768.0000000000001 482 1184 482 1184 530 768.0000000000001 530 handwriting 0
896 536 1131 536 1131 579 896 579 handwriting 0
1058 520 1155 520 1155 548 1058 548 handwriting 0
1134 540 1244 540 1244 591 1134 591 handwriting 0
576 700 1043 700 1043 746 576 746 handwriting 0
93.99999999999999 908 417 908 417 969 93.99999999999999 969 handwriting 0