860 1124 1224 1124 1224 1174 860 1174 handwriting 0
967 872 1351 872 1351 943 967 943 handwriting 0
627 907 922.0000000000001 907 922.0000000000001 946 627 946 handwriting 0
620 1177 936 1177 936 1220 620 1220 handwriting 0
365 1470 478 1470 478 1509 365 1509 handwriting 0
729 1570 901 1570 901 1612 729 1612 handwriting 0
426.99999999999994 1693 496 1693 496 1727 426.99999999999994 1727 handwriting 0
934.9999999999999 1685 1069 1685 1069 1749 934.9999999999999 1749 handwriting 0
982 362.99999999999994 1325 362.99999999999994 1325 483 982 483 handwriting 0
350 633 688 633 688 675 350 675 handwriting 0
360 415 443 415 443 453 360 453 handwriting 0
278 366.99999999999994 440.99999999999994 366.99999999999994 440.99999999999994 397 278 397 handwriting 0
37 258 187 258 187 318 37 318 handwriting 0
835 272 1025 272 1025 338 835 338 handwriting 0
817 123 1291 123 1291 209 817 209 handwriting 0