132 30 1398 30 1398 159 132 159 handwriting 0
968 215 1151 215 1151 260 968 260 handwriting 0
115.00000000000001 502 419 502 419 676 115.00000000000001 676 handwriting 0
1020.0000000000001 330 1201 330 1201 386.00000000000006 1020.0000000000001 386.00000000000006 handwriting 0
868 268 1047 268 1047 309 868 309 handwriting 0
1040 720 1169 720 1169 757 1040 757 handwriting 0
620 770 753.0000000000001 770 753.0000000000001 803 620 803 handwriting 0
1173 842 1378 842 1378 907 1173 907 handwriting 0
683 885.0000000000001 1120 885.0000000000001 1120 925 683 925 handwriting 0
435 935 558 935 558 970 435 970 handwriting 0
460.00000000000006 1215 659 1215 659 1257 460.00000000000006 1257 handwriting 0
815 1228 929 1228 929 1263 815 1263 handwriting 0
790 1627 933 1627 933 1666 790 1666 handwriting 0
575 1455 946 1455 946 1490 575 1490 handwriting 0
602 1510 888 1510 888 1550 602 1550 handwriting 0
97 795.0000000000001 439 795.0000000000001 439 1885 97 1885 handwriting 0
90 1868 1390 1868 1390 2194 90 2194 handwriting 0
1318 1743 1377 1743 1377 1800 1318 1800 handwriting 0
1095 1565 1385 1565 1385 1740 1095 1740 handwriting 0
890 1003 1119 1003 1119 1041 890 1041 handwriting 0
668 1050 1206 1050 1206 1102 668 1102 handwriting 0
1123 988 1399 988 1399 1060 1123 1060 handwriting 0
1158 1043 1403 1043 1403 1280 1158 1280 handwriting 0
780 1283 1139 1283 1139 1323 780 1323 handwriting 0
1140 1283 1397 1283 1397 1406 1140 1406 handwriting 0
1135 1407 1389 1407 1389 1466 1135 1466 handwriting 0
957 1460 1396 1460 1396 1515 957 1515 handwriting 0
1077 1508 1393 1508 1393 1577 1077 1577 handwriting 0