1123 993 1414 993 1414 1245 1123 1245 handwriting 0
1113 1308 1414 1308 1414 1568 1113 1568 handwriting 0
1018 1218 1195 1218 1195 1253 1018 1253 handwriting 0
688 1383 853 1383 853 1430 688 1430 handwriting 0
675 1273 793 1273 793 1315 675 1315 handwriting 0
275 1270 468 1270 468 1333 275 1333 handwriting 0
108 1313 385 1313 385 1430 108 1430 handwriting 0
100 658 445 658 445 1173 100 1173 handwriting 0
470 1045 543 1045 543 1080 470 1080 handwriting 0
508.00000000000006 995 558 995 558 1028 508.00000000000006 1028 handwriting 0
753 710 1003 710 1003 748 753 748 handwriting 0
883 655 1095 655 1095 688 883 688 handwriting 0
1148 390 1210 390 1210 463 1148 463 handwriting 0
328 583 485 583 485 630 328 630 handwriting 0
920 373 968 373 968 410 920 410 handwriting 0
1038 245 1238 245 1238 340 1038 340 handwriting 0
145 25.000000000000004 1383 25.000000000000004 1383 130 145 130 handwriting 0
1035 100.00000000000001 1405 100.00000000000001 1405 213 1035 213 handwriting 0
173 95 675 95 675 175 173 175 handwriting 0
120 165 464.99999999999994 165 464.99999999999994 583 120 583 handwriting 0