188 15 1338 15 1338 236 188 236 handwriting 0
72 262 984 262 984 392 72 392 handwriting 0
979.9999999999999 235 1343 235 1343 389 979.9999999999999 389 handwriting 0
256 393 1361 393 1361 486 256 486 handwriting 0
17 425 473.00000000000006 425 473.00000000000006 568 17 568 handwriting 0
20 575 548 575 548 697 20 697 handwriting 0
576 507 913 507 913 544 576 544 handwriting 0
18 735 520 735 520 808 18 808 handwriting 0
908 534 1351 534 1351 658 908 658 handwriting 0
1075 480 1332 480 1332 535 1075 535 handwriting 0
753 635 947 635 947 682 753 682 handwriting 0
958 650 1361 650 1361 734 958 734 handwriting 0
750 732 1360 732 1360 806 750 806 handwriting 0
996.0000000000001 793 1267 793 1267 844 996.0000000000001 844 handwriting 0
0 793 213 793 213 967 0 967 handwriting 0
443 728 571 728 571 770 443 770 handwriting 0
270 950 915 950 915 992 270 992 handwriting 0
455 898 897 898 897 942 455 942 handwriting 0
940 858 1367 858 1367 1327 940 1327 handwriting 0
475 1007 859.0000000000001 1007 859.0000000000001 1048 475 1048 handwriting 0
562 1067 942.9999999999999 1067 942.9999999999999 1105 562 1105 handwriting 0
10 1068 192.99999999999997 1068 192.99999999999997 1430.0000000000002 10 1430.0000000000002 handwriting 0
222.00000000000003 1117 441 1117 441 1157 222.00000000000003 1157 handwriting 0
205 1170 295 1170 295 1207 205 1207 handwriting 0
205 1230 421 1230 421 1272 205 1272 handwriting 0
325 1292 608 1292 608 1325 325 1325 handwriting 0
650 1293 934 1293 934 1334 650 1334 handwriting 0
890 1325 1350 1325 1350 1442 890 1442 handwriting 0
205 1398 888.0000000000001 1398 888.0000000000001 1441 205 1441 handwriting 0
523 1457 1349 1457 1349 1506 523 1506 handwriting 0
932 1498 1332 1498 1332 1550 932 1550 handwriting 0
7.000000000000001 1493 171 1493 171 1671 7.000000000000001 1671 handwriting 0
120 1668 309 1668 309 1725 120 1725 handwriting 0
217 1620 500 1620 500 1666 217 1666 handwriting 0
678 1628 799 1628 799 1668 678 1668 handwriting 0
438 1562 694 1562 694 1615 438 1615 handwriting 0
777 1560 958 1560 958 1606 777 1606 handwriting 0
283 1513 737 1513 737 1552 283 1552 handwriting 0
918 1567 1356 1567 1356 1809 918 1809 handwriting 0
834.9999999999999 1725 940 1725 940 1783.0000000000002 834.9999999999999 1783.0000000000002 handwriting 0
860 1773 1196 1773 1196 1839 860 1839 handwriting 0
552 1687 775.0000000000001 1687 775.0000000000001 1724 552 1724 handwriting 0
458 1742 552 1742 552 1774 458 1774 handwriting 0
58 1723 380 1723 380 1772 58 1772 handwriting 0
25 1785 691 1785 691 1841 25 1841 handwriting 0
53 1852 1349 1852 1349 2171 53 2171 handwriting 0