338 1363.9999999999998 438 1363.9999999999998 438 1412 338 1412 handwriting 0
386 1128 436 1128 436 1182 386 1182 handwriting 0
418.00000000000006 1026 518 1026 518 1068 418.00000000000006 1068 handwriting 0
922.0000000000001 1106 1108 1106 1108 1142 922.0000000000001 1142 handwriting 0
1062 1052 1158 1052 1158 1088 1062 1088 handwriting 0
622 980 734 980 734 1014 622 1014 handwriting 0
768 984 862 984 862 1016 768 1016 handwriting 0
654 872 866 872 866 910 654 910 handwriting 0
430 924 516 924 516 958 430 958 handwriting 0
142 952.0000000000001 444.00000000000006 952.0000000000001 444.00000000000006 1020 142 1020 handwriting 0
436 722 552 722 552 774 436 774 handwriting 0
1002 638 1168 638 1168 684 1002 684 handwriting 0
1006 518 1188 518 1188 578 1006 578 handwriting 0
942 408 1056 408 1056 464 942 464 handwriting 0
890 274 1070 274 1070 332 890 332 handwriting 0
418.00000000000006 40 1374 40 1374 172 418.00000000000006 172 handwriting 0
132 346 670 346 670 580 132 580 handwriting 0
123.99999999999999 768 432 768 432 908 123.99999999999999 908 handwriting 0