1224 1164 1412 1164 1412 1317 1224 1317 handwriting 0
706 1168 892.9999999999999 1168 892.9999999999999 1205 706 1205 handwriting 0
914 1004 971 1004 971 1036 914 1036 handwriting 0
596 996 800.0000000000001 996 800.0000000000001 1031 596 1031 handwriting 0
477.99999999999994 1050 544 1050 544 1088 477.99999999999994 1088 handwriting 0
813 324 1003.0000000000001 324 1003.0000000000001 358 813 358 handwriting 0
224 246 438 246 438 297 224 297 handwriting 0
125 714 450.99999999999994 714 450.99999999999994 1309 125 1309 handwriting 0
966 1506 1051 1506 1051 1537.0000000000002 966 1537.0000000000002 handwriting 0
700 438 946 438 946 468 700 468 handwriting 0
130 1584 442 1584 442 1947 130 1947 handwriting 0