72 20 1343 20 1343 186 72 186 handwriting 0
0 198 193.00000000000003 198 193.00000000000003 402 0 402 handwriting 0
5.999999999999999 390 115 390 115 473 5.999999999999999 473 handwriting 0
0 476 180 476 180 746 0 746 handwriting 0
0 736.0000000000001 201.99999999999997 736.0000000000001 201.99999999999997 789 0 789 handwriting 0
318 498 614 498 614 531 318 531 handwriting 0
150 435 669 435 669 493 150 493 handwriting 0
142 378 821.0000000000001 378 821.0000000000001 431 142 431 handwriting 0
490 320 706 320 706 364 490 364 handwriting 0
626 206 833 206 833 250 626 250 handwriting 0
324 215.99999999999997 501 215.99999999999997 501 252 324 252 handwriting 0
342 268 750.0000000000001 268 750.0000000000001 309 342 309 handwriting 0
914 168 1349 168 1349 266 914 266 handwriting 0
885 264 1358 264 1358 1137 885 1137 handwriting 0
1015 1124 1357 1124 1357 1263 1015 1263 handwriting 0
706 1269.9999999999998 834.0000000000001 1269.9999999999998 834.0000000000001 1312 706 1312 handwriting 0
386.00000000000006 1222 580 1222 580 1259 386.00000000000006 1259 handwriting 0
486.00000000000006 832 629 832 629 863 486.00000000000006 863 handwriting 0
693 768 845 768 845 803 693 803 handwriting 0
440 720 894 720 894 761 440 761 handwriting 0
396 550 638 550 638 590 396 590 handwriting 0
308 777.9999999999999 460 777.9999999999999 460 819 308 819 handwriting 0
322 656 876 656 876 703 322 703 handwriting 0
0 792 216 792 216 1323 0 1323 handwriting 0
263 1006 308 1006 308 1038 263 1038 handwriting 0
747 1108 767.9999999999999 1108 767.9999999999999 1145 747 1145 handwriting 0
518 1166 939 1166 939 1196 518 1196 handwriting 0
0 1326 214 1326 214 1407 0 1407 handwriting 0
18 1396 290 1396 290 1452 18 1452 handwriting 0
182 1340 658 1340 658 1375 182 1375 handwriting 0
646 1390 781.0000000000001 1390 781.0000000000001 1425 646 1425 handwriting 0
302 1512 394 1512 394 1539 302 1539 handwriting 0
0 1497 205 1497 205 1638 0 1638 handwriting 0
144 1444 749 1444 749 1493 144 1493 handwriting 0
19 1794 208 1794 208 1865 19 1865 handwriting 0
22 1634 263 1634 263 1796 22 1796 handwriting 0
268 1684 338 1684 338 1714 268 1714 handwriting 0
328 1718 1213 1718 1213 1769 328 1769 handwriting 0
958 1738 1090 1738 1090 1804 958 1804 handwriting 0
787 1780 941.9999999999999 1780 941.9999999999999 1824 787 1824 handwriting 0
434 1658 1362 1658 1362 1709 434 1709 handwriting 0
364 1560 504.00000000000006 1560 504.00000000000006 1598 364 1598 handwriting 0
962 1774 1367 1774 1367 1893 962 1893 handwriting 0
98 1862 1330 1862 1330 2141 98 2141 handwriting 0
890 1606 1272 1606 1272 1669.9999999999998 890 1669.9999999999998 handwriting 0
692 1496 1041 1496 1041 1532 692 1532 handwriting 0
900 1268 1362 1268 1362 1506 900 1506 handwriting 0
847 1494 1270 1494 1270 1582 847 1582 handwriting 0
1282 1506 1363 1506 1363 1553 1282 1553 handwriting 0
450 884 670 884 670 922 450 922 handwriting 0
461.99999999999994 938 885 938 885 977 461.99999999999994 977 handwriting 0