1123 907 1401 907 1401 1019 1123 1019 handwriting 0
1068 1665 1211 1665 1211 1721 1068 1721 handwriting 0
408 1392 456 1392 456 1435 408 1435 handwriting 0
118 1578 455 1578 455 1799 118 1799 handwriting 0
128 1810 1368 1810 1368 2120 128 2120 handwriting 0
120 1045 480 1045 480 1248 120 1248 handwriting 0
128 550 493.00000000000006 550 493.00000000000006 996 128 996 handwriting 0
172 403 571 403 571 490 172 490 handwriting 0
685 495 842 495 842 535 685 535 handwriting 0
700 668 842 668 842 699 700 699 handwriting 0
705 722 823 722 823 760 705 760 handwriting 0
568 777 795 777 795 811 568 811 handwriting 0
162 30 1419 30 1419 172 162 172 handwriting 0
148 164 494 164 494 314 148 314 handwriting 0