50 1667 115 1667 115 1723 50 1723 handwriting 0
68 1450 110 1450 110 1500 68 1500 handwriting 0
760 1547 878 1547 878 1600 760 1600 handwriting 0
419.99999999999994 723 580 723 580 755 419.99999999999994 755 handwriting 0
498 608 657 608 657 650 498 650 handwriting 0
730 697 837 697 837 741.9999999999999 730 741.9999999999999 handwriting 0
748 1218 903 1218 903 1282 748 1282 handwriting 0
758 1283 1297 1283 1297 1393 758 1393 handwriting 0
422 1560 483 1560 483 1597 422 1597 handwriting 0
372 382 672 382 672 420 372 420 handwriting 0
392.00000000000006 323 735 323 735 365 392.00000000000006 365 handwriting 0
865 113 1303 113 1303 308 865 308 handwriting 0
827 370 1312 370 1312 643 827 643 handwriting 0
852 663 1310 663 1310 938 852 938 handwriting 0
793 1003 1197 1003 1197 1095 793 1095 handwriting 0
953 1095 1318 1095 1318 1298 953 1298 handwriting 0