35 1863 476 1863 476 2014 35 2014 handwriting 0
0 253 210 253 210 1866 0 1866 handwriting 0
375.00000000000006 1725 846 1725 846 1764 375.00000000000006 1764 handwriting 0
265 1790 647 1790 647 1822 265 1822 handwriting 0
558 1610 899 1610 899 1644 558 1644 handwriting 0
381.99999999999994 1667 470.99999999999994 1667 470.99999999999994 1703 381.99999999999994 1703 handwriting 0
185 1510 398 1510 398 1550 185 1550 handwriting 0
287 1451.9999999999998 681 1451.9999999999998 681 1490 287 1490 handwriting 0
863 1320.0000000000002 1332 1320.0000000000002 1332 1620 863 1620 handwriting 0
834.9999999999999 1675 1214 1675 1214 1843.9999999999998 834.9999999999999 1843.9999999999998 handwriting 0
855 882 1336 882 1336 1287 855 1287 handwriting 0
667 1050 966 1050 966 1101 667 1101 handwriting 0
435.00000000000006 1102 907 1102 907 1145 435.00000000000006 1145 handwriting 0
409 1168 781.0000000000001 1168 781.0000000000001 1208 409 1208 handwriting 0
285 1232 515 1232 515 1268.9999999999998 285 1268.9999999999998 handwriting 0
358 1282 574 1282 574 1327 358 1327 handwriting 0
303 1340 715 1340 715 1377 303 1377 handwriting 0
357 1392 512 1392 512 1431 357 1431 handwriting 0
323 950 464.00000000000006 950 464.00000000000006 993 323 993 handwriting 0
840 140 1357 140 1357 872 840 872 handwriting 0
330 554 943 554 943 600 330 600 handwriting 0
163 618 483 618 483 656 163 656 handwriting 0
383 674 566 674 566 710 383 710 handwriting 0
443 730 546 730 546 764.9999999999999 443 764.9999999999999 handwriting 0
270 500.00000000000006 704 500.00000000000006 704 546 270 546 handwriting 0
211.99999999999997 453 527 453 527 488 211.99999999999997 488 handwriting 0
481 380 793 380 793 427 481 427 handwriting 0
200 408 279 408 279 437 200 437 handwriting 0
485 325 773 325 773 361 485 361 handwriting 0
365 277.99999999999994 549 277.99999999999994 549 325 365 325 handwriting 0
278 218 636 218 636 264 278 264 handwriting 0
300 138 501 138 501 185 300 185 handwriting 0
673 123 842 123 842 187.99999999999997 673 187.99999999999997 handwriting 0