92 33 1394 33 1394 210 92 210 handwriting 0
250 190 461.99999999999994 190 461.99999999999994 259 250 259 handwriting 0
85 263 422 263 422 565 85 565 handwriting 0
632 442 809 442 809 477 632 477 handwriting 0
1147 182 1386 182 1386 325 1147 325 handwriting 0
1085 300 1237 300 1237 371 1085 371 handwriting 0
1173 363 1398 363 1398 402 1173 402 handwriting 0
1038 412 1393 412 1393 512 1038 512 handwriting 0
632 388 1047 388 1047 426 632 426 handwriting 0
612 325 1024 325 1024 370 612 370 handwriting 0
575 273 1021 273 1021 314 575 314 handwriting 0
650 212 876 212 876 252 650 252 handwriting 0
1125 655 1405 655 1405 771.9999999999999 1125 771.9999999999999 handwriting 0
87 966 420 966 420 1848 87 1848 handwriting 0
155 1852 1386 1852 1386 2117 155 2117 handwriting 0
1098 1633 1410 1633 1410 1863 1098 1863 handwriting 0
858 1554 1226 1554 1226 1606 858 1606 handwriting 0
527 1445 997 1445 997 1494 527 1494 handwriting 0
705 1620 872 1620 872 1662 705 1662 handwriting 0
582 1677 819 1677 819 1713 582 1713 handwriting 0
602 1728 1093 1728 1093 1770 602 1770 handwriting 0
753.0000000000001 1388 1320 1388 1320 1439 753.0000000000001 1439 handwriting 0
1137 1430 1318 1430 1318 1474 1137 1474 handwriting 0
592 1335 1100 1335 1100 1380 592 1380 handwriting 0
748 1275 1000 1275 1000 1329 748 1329 handwriting 0
1098 1172 1410 1172 1410 1349 1098 1349 handwriting 0
902 1232 1035 1232 1035 1272 902 1272 handwriting 0
513 1165 886 1165 886 1211 513 1211 handwriting 0
510.00000000000006 1223 637 1223 637 1264 510.00000000000006 1264 handwriting 0
890 883 1406 883 1406 951 890 951 handwriting 0
1137 952.0000000000001 1410 952.0000000000001 1410 1023 1137 1023 handwriting 0
1235 1012.9999999999999 1410 1012.9999999999999 1410 1107 1235 1107 handwriting 0
622 1053 949 1053 949 1099 622 1099 handwriting 0
480 945 788 945 788 984 480 984 handwriting 0
662 1002 990 1002 990 1045 662 1045 handwriting 0
693 837 847 837 847 866 693 866 handwriting 0