262 1486 327 1486 327 1517 262 1517 handwriting 0
372 1426 551 1426 551 1471 372 1471 handwriting 0
76 1438 243.00000000000003 1438 243.00000000000003 1494 76 1494 handwriting 0
104 1210 503 1210 503 1262 104 1262 handwriting 0
362 1098 517 1098 517 1132 362 1132 handwriting 0
342 1152 575 1152 575 1195 342 1195 handwriting 0
918 1160 1214 1160 1214 1250 918 1250 handwriting 0
654 1302 1025 1302 1025 1347 654 1347 handwriting 0
824 1380 1356 1380 1356 1586.0000000000002 824 1586.0000000000002 handwriting 0
470 1600 627 1600 627 1636 470 1636 handwriting 0
95.99999999999999 1808 1368 1808 1368 2034 95.99999999999999 2034 handwriting 0
47.99999999999999 1666 199 1666 199 1812 47.99999999999999 1812 handwriting 0
896 900 1348 900 1348 1148 896 1148 handwriting 0
1230 1150 1338 1150 1338 1202 1230 1202 handwriting 0
1180 830 1329 830 1329 902 1180 902 handwriting 0
878 712 1338 712 1338 852 878 852 handwriting 0
508 814 785.9999999999999 814 785.9999999999999 849 508 849 handwriting 0
105.99999999999999 730 170 730 170 772 105.99999999999999 772 handwriting 0
704 752 825.9999999999999 752 825.9999999999999 791 704 791 handwriting 0
612 680 1012.0000000000001 680 1012.0000000000001 736.0000000000001 612 736.0000000000001 handwriting 0
1232 644 1309 644 1309 700 1232 700 handwriting 0
450 640 819 640 819 682 450 682 handwriting 0
684 356 770 356 770 394 684 394 handwriting 0
810 136 999.0000000000001 136 999.0000000000001 195 810 195 handwriting 0
304 374 392.99999999999994 374 392.99999999999994 412 304 412 handwriting 0
32 420 646 420 646 486 32 486 handwriting 0
910.0000000000001 360 1335 360 1335 660 910.0000000000001 660 handwriting 0