393 88 1140 88 1140 183 393 183 handwriting 0
283 185 903 185 903 288 283 288 handwriting 0
250 238 533 238 533 380 250 380 handwriting 0
879.9999999999999 248 1250 248 1250 417.99999999999994 879.9999999999999 417.99999999999994 handwriting 0
208 545 1290 545 1290 618 208 618 handwriting 0
300 605 620 605 620 712.9999999999999 300 712.9999999999999 handwriting 0
635 668 700 668 700 710 635 710 handwriting 0
828 613 1163 613 1163 672.9999999999999 828 672.9999999999999 handwriting 0
740 665 979.9999999999999 665 979.9999999999999 715 740 715 handwriting 0
1005 670.0000000000001 1090 670.0000000000001 1090 715 1005 715 handwriting 0
1083 675 1135 675 1135 748 1083 748 handwriting 0