1352 110 1948 110 1948 247 1352 247 handwriting 0
42 84 1019 84 1019 228 42 228 handwriting 0
768 228 1728 228 1728 286 768 286 handwriting 0
1462 302 1751 302 1751 369 1462 369 handwriting 0
750 306 1182 306 1182 363 750 363 handwriting 0
32 280 517 280 517 718 32 718 handwriting 0
528 390 752 390 752 431 528 431 handwriting 0
1002 402 1360 402 1360 441 1002 441 handwriting 0
1520 488 1637 488 1637 523 1520 523 handwriting 0
1710 500 1920 500 1920 583 1710 583 handwriting 0
530 470 1362 470 1362 518 530 518 handwriting 0
512 552 738 552 738 594 512 594 handwriting 0
880 560 1448 560 1448 601 880 601 handwriting 0
1528 568 1712 568 1712 613 1528 613 handwriting 0
1606 662 1979 662 1979 1444 1606 1444 handwriting 0
922 646 1473 646 1473 697 922 697 handwriting 0
524 632 742 632 742 674 524 674 handwriting 0
522 724 822 724 822 760 522 760 handwriting 0
1224 736 1679 736 1679 787 1224 787 handwriting 0
28 810 496 810 496 1059 28 1059 handwriting 0
520 804 1163 804 1163 846 520 846 handwriting 0
544 886 678 886 678 926 544 926 handwriting 0
1006 888 1558 888 1558 931 1006 931 handwriting 0
538 970 1605 970 1605 1018 538 1018 handwriting 0
1036 1056 1489 1056 1489 1098 1036 1098 handwriting 0
540 1046 698 1046 698 1092 540 1092 handwriting 0
780 1126 955 1126 955 1178 780 1178 handwriting 0
1440 1148 1569 1148 1569 1192 1440 1192 handwriting 0
540 1218 1648 1218 1648 1270 540 1270 handwriting 0
38 1152 515 1152 515 1640 38 1640 handwriting 0
654 1302 1527 1302 1527 1358 654 1358 handwriting 0
522 1388 1133 1388 1133 1445.0000000000002 522 1445.0000000000002 handwriting 0
522 1470 1391 1470 1391 1520 522 1520 handwriting 0
1608 1500 1711 1500 1711 1539 1608 1539 handwriting 0
1476 1584 1720 1584 1720 1620 1476 1620 handwriting 0
734 1556 1198 1556 1198 1597.0000000000002 734 1597.0000000000002 handwriting 0
526 1632 1194 1632 1194 1686 526 1686 handwriting 0
1376 1658 1552 1658 1552 1696 1376 1696 handwriting 0
532 1718 770 1718 770 1761.0000000000002 532 1761.0000000000002 handwriting 0
938 1722 1734 1722 1734 1788 938 1788 handwriting 0
1572 1826 1742 1826 1742 1878 1572 1878 handwriting 0
1110 1896 1966 1896 1966 1994 1110 1994 handwriting 0
498 1806 1178 1806 1178 1858 498 1858 handwriting 0
1270 1818 1459 1818 1459 1858 1270 1858 handwriting 0
514 1886 880 1886 880 1934 514 1934 handwriting 0
754 2000 1621 2000 1621 2096 754 2096 handwriting 0
544 2048 742 2048 742 2089 544 2089 handwriting 0