310 1473 492 1473 492 1520 310 1520 handwriting 0
330 1390 513 1390 513 1434 330 1434 handwriting 0
1113 1377 1495 1377 1495 1424.0000000000002 1113 1424.0000000000002 handwriting 0
1055 1468 1536 1468 1536 1520 1055 1520 handwriting 0
811 1470 995 1470 995 1520 811 1520 handwriting 0
594 1470 744 1470 744 1516 594 1516 handwriting 0
593 1388 809 1388 809 1425 593 1425 handwriting 0
843 1302 1558 1302 1558 1350 843 1350 handwriting 0
408 1313 510 1313 510 1350 408 1350 handwriting 0
86 1248 317 1248 317 1371 86 1371 handwriting 0
313 1220 576 1220 576 1265 313 1265 handwriting 0
377 1138 514 1138 514 1183 377 1183 handwriting 0
703 1145 826 1145 826 1180 703 1180 handwriting 0
632 1223 1231 1223 1231 1266 632 1266 handwriting 0
1300 1213 1509 1213 1509 1255 1300 1255 handwriting 0
910 1135 1487 1135 1487 1181 910 1181 handwriting 0
497 1050 900 1050 900 1103 497 1103 handwriting 0
980 1048 1496 1048 1496 1095 980 1095 handwriting 0
1507 1042 1668 1042 1668 1149 1507 1149 handwriting 0
1550 1473 2020 1473 2020 1696 1550 1696 handwriting 0
1558 1147 2020 1147 2020 1406.0000000000002 1558 1406.0000000000002 handwriting 0
1675 1075 2019 1075 2019 1163 1675 1163 handwriting 0
1608 880 2025 880 2025 1073 1608 1073 handwriting 0
1568 552 2019 552 2019 876.9999999999999 1568 876.9999999999999 handwriting 0
73 665 304 665 304 1115 73 1115 handwriting 0
335 738 395 738 395 759 335 759 handwriting 0
333 892 789 892 789 934 333 934 handwriting 0
333 970 545 970 545 1013 333 1013 handwriting 0
658 970 926 970 926 1012.0000000000001 658 1012.0000000000001 handwriting 0
1105 964.9999999999999 1325 964.9999999999999 1325 1002 1105 1002 handwriting 0
1403 907 1602 907 1602 986 1403 986 handwriting 0
870 880 1513 880 1513 930 870 930 handwriting 0
1011 803 1275 803 1275 855 1011 855 handwriting 0
488 805 850 805 850 846 488 846 handwriting 0
433 718 674 718 674 765 433 765 handwriting 0
690 718 899 718 899 766.0000000000001 690 766.0000000000001 handwriting 0
950 713 1190 713 1190 763.9999999999999 950 763.9999999999999 handwriting 0
1073 628 1245 628 1245 676 1073 676 handwriting 0
772 633 813 633 813 674 772 674 handwriting 0
601 555 657 555 657 586 601 586 handwriting 0
333 555 512 555 512 600 333 600 handwriting 0
1106 537 1520 537 1520 583 1106 583 handwriting 0
1033 460 1413 460 1413 495.99999999999994 1033 495.99999999999994 handwriting 0
1161 377 1363 377 1363 420 1161 420 handwriting 0
1331 285 1493 285 1493 326 1331 326 handwriting 0
1125 85 1868 85 1868 158 1125 158 handwriting 0
810 100.00000000000001 972 100.00000000000001 972 162 810 162 handwriting 0
526 93 695 93 695 160 526 160 handwriting 0
450 207 1257 207 1257 250 450 250 handwriting 0
575 298 1233 298 1233 336 575 336 handwriting 0
276 383.00000000000006 852 383.00000000000006 852 422 276 422 handwriting 0
254 468 725 468 725 515 254 515 handwriting 0
315 300 458 300 458 342 315 342 handwriting 0