1518 1195 2022 1195 2022 2041 1518 2041 handwriting 0
1516 293 2019 293 2019 893 1516 893 handwriting 0
130 576 240 576 240 717 130 717 handwriting 0
282 66 1382 66 1382 146 282 146 handwriting 0
316 168 1467 168 1467 228 316 228 handwriting 0
426 272 963 272 963 308 426 308 handwriting 0
1146 276 1264 276 1264 314 1146 314 handwriting 0
802 348 1170 348 1170 393 802 393 handwriting 0
284 358 574 358 574 398 284 398 handwriting 0
282 440 542 440 542 482 282 482 handwriting 0
640 444.00000000000006 785 444.00000000000006 785 484 640 484 handwriting 0
886.9999999999999 433.99999999999994 1334 433.99999999999994 1334 482 886.9999999999999 482 handwriting 0
924 612 1283 612 1283 644 924 644 handwriting 0
1280 530 1461 530 1461 567 1280 567 handwriting 0
358 690 1189 690 1189 736 358 736 handwriting 0
306 524 1235 524 1235 562 306 562 handwriting 0
314 612 408 612 408 649 314 649 handwriting 0
566 604 738 604 738 649 566 649 handwriting 0
826 860 960 860 960 902 826 902 handwriting 0
302 776 434 776 434 822 302 822 handwriting 0
292 864 610 864 610 898 292 898 handwriting 0
1142 862 1374 862 1374 914 1142 914 handwriting 0
1344 1024 1511 1024 1511 1065 1344 1065 handwriting 0
980 936 1218 936 1218 972 980 972 handwriting 0
316 939.9999999999999 463 939.9999999999999 463 979 316 979 handwriting 0
574 1018 973 1018 973 1058 574 1058 handwriting 0
446 1100 690 1100 690 1144 446 1144 handwriting 0
928 1098 1408 1098 1408 1145 928 1145 handwriting 0
966 1192 1483 1192 1483 1232 966 1232 handwriting 0
314 1184 603 1184 603 1224 314 1224 handwriting 0
736 1264 830 1264 830 1304 736 1304 handwriting 0
1052 1242 1541 1242 1541 1302 1052 1302 handwriting 0
292 1272 587 1272 587 1303 292 1303 handwriting 0
90.00000000000001 1374 285 1374 285 1997 90.00000000000001 1997 handwriting 0
950 1684 1206 1684 1206 1719 950 1719 handwriting 0
1296 1684 1483 1684 1483 1732 1296 1732 handwriting 0
1304 1600.0000000000002 1453 1600.0000000000002 1453 1636.0000000000002 1304 1636.0000000000002 handwriting 0
946 1512 1124 1512 1124 1551 946 1551 handwriting 0
532 1422 1423 1422 1423 1466 532 1466 handwriting 0
308 1352 606 1352 606 1385 308 1385 handwriting 0
646 1518 802 1518 802 1559 646 1559 handwriting 0
350 1680 477 1680 477 1719 350 1719 handwriting 0
696 1680 841 1680 841 1721.9999999999998 696 1721.9999999999998 handwriting 0
528 1764 847 1764 847 1802 528 1802 handwriting 0
296 1832 771 1832 771 1882 296 1882 handwriting 0
1070 1850 1368 1850 1368 1888 1070 1888 handwriting 0
1044 1922 1462 1922 1462 1971 1044 1971 handwriting 0
472 1920.0000000000002 846 1920.0000000000002 846 1964 472 1964 handwriting 0
292 2004 1499 2004 1499 2062 292 2062 handwriting 0