66 1178 552 1178 552 2088 66 2088 handwriting 0
554 1270 634 1270 634 1306 554 1306 handwriting 0
698 1266 828 1266 828 1292 698 1292 handwriting 0
1074 1242 1694 1242 1694 1288 1074 1288 handwriting 0
1040 1338 1438 1338 1438 1384 1040 1384 handwriting 0
1542 1310 1852 1310 1852 1376 1542 1376 handwriting 0
1476 1408 1884 1408 1884 1470 1476 1470 handwriting 0
1218 1434 1388 1434 1388 1474.0000000000002 1218 1474.0000000000002 handwriting 0
1274 1508 1426 1508 1426 1560 1274 1560 handwriting 0
1550 1496 1748 1496 1748 1546 1550 1546 handwriting 0
1008 1505.9999999999998 1202 1505.9999999999998 1202 1554 1008 1554 handwriting 0
552 1510 958 1510 958 1561.9999999999998 552 1561.9999999999998 handwriting 0
90 2112 552 2112 552 2202 90 2202 handwriting 0
118 2172 1928 2172 1928 2496 118 2496 handwriting 0
822 2108 942 2108 942 2146 822 2146 handwriting 0
1014 2106 1254 2106 1254 2152 1014 2152 handwriting 0
1300 2096 1734 2096 1734 2150 1300 2150 handwriting 0
860 2021.9999999999998 1176 2021.9999999999998 1176 2066 860 2066 handwriting 0
580 1936 858 1936 858 1982 580 1982 handwriting 0
956 1930 1394 1930 1394 1986 956 1986 handwriting 0
1075.9999999999998 1844 1396 1844 1396 1886 1075.9999999999998 1886 handwriting 0
1554 1844 1732 1844 1732 1894 1554 1894 handwriting 0
575.9999999999999 1846 856 1846 856 1898 575.9999999999999 1898 handwriting 0
568 1764 664 1764 664 1810.0000000000002 568 1810.0000000000002 handwriting 0
792 1760.0000000000002 1200 1760.0000000000002 1200 1803.9999999999998 792 1803.9999999999998 handwriting 0
1442 1750 1628 1750 1628 1797.9999999999998 1442 1797.9999999999998 handwriting 0
836 1673.9999999999998 1190 1673.9999999999998 1190 1716 836 1716 handwriting 0
1350 1676 1632 1676 1632 1712 1350 1712 handwriting 0
1238 1590 1506 1590 1506 1636.0000000000002 1238 1636.0000000000002 handwriting 0
588 1352 712 1352 712 1384 588 1384 handwriting 0
600 1430 862 1430 862 1472 600 1472 handwriting 0
1308 1166 1430 1166 1430 1202 1308 1202 handwriting 0
1608 1162 1768 1162 1768 1194 1608 1194 handwriting 0
676 1174 1034 1174 1034 1208 676 1208 handwriting 0
1374 2014 1644 2014 1644 2058 1374 2058 handwriting 0
1700 1536 2014 1536 2014 1796 1700 1796 handwriting 0
1788 1800 1986 1800 1986 1898 1788 1898 handwriting 0
1830 1894 2004 1894 2004 1934.0000000000002 1830 1934.0000000000002 handwriting 0
1640 1930 1996 1930 1996 2058 1640 2058 handwriting 0
1832 2062 1912 2062 1912 2140 1832 2140 handwriting 0
1008 136 1400 136 1400 209.99999999999997 1008 209.99999999999997 handwriting 0
518 260 652 260 652 308 518 308 handwriting 0
866 268 1054 268 1054 306 866 306 handwriting 0
1296 260 1402 260 1402 298 1296 298 handwriting 0
1562 252 1698 252 1698 302 1562 302 handwriting 0
1516 334 1748 334 1748 382 1516 382 handwriting 0
1342 340 1446 340 1446 378.00000000000006 1342 378.00000000000006 handwriting 0
1080 342 1296 342 1296 382 1080 382 handwriting 0
537.9999999999999 348 706 348 706 394 537.9999999999999 394 handwriting 0
676 428 948 428 948 475.99999999999994 676 475.99999999999994 handwriting 0
980 430 1146 430 1146 472 980 472 handwriting 0
1192 424 1552 424 1552 468.00000000000006 1192 468.00000000000006 handwriting 0
1480 504 1738 504 1738 542 1480 542 handwriting 0
898 509.99999999999994 1340 509.99999999999994 1340 564 898 564 handwriting 0
537.9999999999999 520 708 520 708 562 537.9999999999999 562 handwriting 0
556 686 696 686 696 734.0000000000001 556 734.0000000000001 handwriting 0
530 766 992 766 992 810 530 810 handwriting 0
1048 762.0000000000001 1150 762.0000000000001 1150 792 1048 792 handwriting 0
1172 749.9999999999999 1620 749.9999999999999 1620 794 1172 794 handwriting 0
1240 816 1712 816 1712 880.0000000000001 1240 880.0000000000001 handwriting 0
530 846.0000000000001 890 846.0000000000001 890 892 530 892 handwriting 0
838 926 1026 926 1026 978 838 978 handwriting 0
962 672 1224 672 1224 730 962 730 handwriting 0
1360 672 1702 672 1702 724 1360 724 handwriting 0
736 590 1598 590 1598 646 736 646 handwriting 0
1312 914.0000000000001 1718 914.0000000000001 1718 964.0000000000001 1312 964.0000000000001 handwriting 0
558 1096 784 1096 784 1134 558 1134 handwriting 0
862 1098 978 1098 978 1134 862 1134 handwriting 0
1058 1086 1484 1086 1484 1124 1058 1124 handwriting 0
578 1594 746 1594 746 1632 578 1632 handwriting 0
858 1592.0000000000002 1100 1592.0000000000002 1100 1628 858 1628 handwriting 0
574 1013.9999999999999 638 1013.9999999999999 638 1054 574 1054 handwriting 0
682 994 1832 994 1832 1064 682 1064 handwriting 0