530 85 1714 85 1714 190.99999999999997 530 190.99999999999997 handwriting 0
1370 210 1647 210 1647 252 1370 252 handwriting 0
578 220 731 220 731 254 578 254 handwriting 0
825 293 1620 293 1620 343 825 343 handwriting 0
1690 368 1828 368 1828 438 1690 438 handwriting 0
1425 383.00000000000006 1542 383.00000000000006 1542 415 1425 415 handwriting 0
1155 388 1263 388 1263 425.99999999999994 1155 425.99999999999994 handwriting 0
570 388 914 388 914 433 570 433 handwriting 0
55 558 526 558 526 693 55 693 handwriting 0
48 1067 540 1067 540 1266 48 1266 handwriting 0
812 537 1808 537 1808 603 812 603 handwriting 0
787 469.99999999999994 949 469.99999999999994 949 513 787 513 handwriting 0
1227 627 1846 627 1846 695 1227 695 handwriting 0
1597 702 1780 702 1780 760 1597 760 handwriting 0
585 720 1286 720 1286 763.9999999999999 585 763.9999999999999 handwriting 0
873 793.0000000000001 1492 793.0000000000001 1492 842.9999999999999 873 842.9999999999999 handwriting 0
1072 882 1141 882 1141 932 1072 932 handwriting 0
562 890 805 890 805 927 562 927 handwriting 0
551 973 710 973 710 1000.9999999999999 551 1000.9999999999999 handwriting 0
847 973 1477 973 1477 1014 847 1014 handwriting 0
1627 942.0000000000001 1906 942.0000000000001 1906 1007 1627 1007 handwriting 0
1703 1290 1996 1290 1996 1592 1703 1592 handwriting 0
558 1052 1353 1052 1353 1090 558 1090 handwriting 0
570 1130 901 1130 901 1167 570 1167 handwriting 0
1192 1123 1385 1123 1385 1156 1192 1156 handwriting 0
1240 1207 1410 1207 1410 1255 1240 1255 handwriting 0
1485 1292 1639 1292 1639 1324 1485 1324 handwriting 0
1263 1302 1369 1302 1369 1336 1263 1336 handwriting 0
930 1303 1206 1303 1206 1344 930 1344 handwriting 0
563 1215 1067 1215 1067 1261 563 1261 handwriting 0
558 1388 1205 1388 1205 1436 558 1436 handwriting 0
1482 1380 1576 1380 1576 1419 1482 1419 handwriting 0
803 1470 1439 1470 1439 1513 803 1513 handwriting 0
1560 1472 1720 1472 1720 1524 1560 1524 handwriting 0
540 1558 1584 1558 1584 1598 540 1598 handwriting 0
1318 1628 1866 1628 1866 1674.9999999999998 1318 1674.9999999999998 handwriting 0
560 1638 1078 1638 1078 1682 560 1682 handwriting 0
978 1800 1680 1800 1680 1838 978 1838 handwriting 0
575 1810 771 1810 771 1848.0000000000002 575 1848.0000000000002 handwriting 0
885 1717.9999999999998 1754 1717.9999999999998 1754 1763 885 1763 handwriting 0
577 1890 1821 1890 1821 1940 577 1940 handwriting 0
673 1975 1880 1975 1880 2040 673 2040 handwriting 0
790 2052 1678 2052 1678 2101 790 2101 handwriting 0