76 2086 1140 2086 1140 2188 76 2188 handwriting 0
518 1962 1566 1962 1566 2030 518 2030 handwriting 0
480 2039.9999999999998 686 2039.9999999999998 686 2084 480 2084 handwriting 0
858 2054 950 2054 950 2092 858 2092 handwriting 0
994 2058 1144 2058 1144 2100 994 2100 handwriting 0
1218 2062 1448 2062 1448 2104 1218 2104 handwriting 0
1712 1560 1976 1560 1976 1968 1712 1968 handwriting 0
1360 1722 1558 1722 1558 1770 1360 1770 handwriting 0
1308 1810.0000000000002 1600 1810.0000000000002 1600 1852 1308 1852 handwriting 0
500 1874 1554 1874 1554 1942 500 1942 handwriting 0
776 1791.9999999999998 892 1791.9999999999998 892 1834 776 1834 handwriting 0
512 1785.9999999999998 670 1785.9999999999998 670 1844 512 1844 handwriting 0
952 1796 1226 1796 1226 1844 952 1844 handwriting 0
554 1698.0000000000002 732 1698.0000000000002 732 1748.0000000000002 554 1748.0000000000002 handwriting 0
68 1554 480 1554 480 1982 68 1982 handwriting 0
62 1196 494 1196 494 1396 62 1396 handwriting 0
54 940 500 940 500 1068 54 1068 handwriting 0
616 951.9999999999999 746 951.9999999999999 746 998.0000000000001 616 998.0000000000001 handwriting 0
572 1036 882 1036 882 1094 572 1094 handwriting 0
572 1128 740 1128 740 1172 572 1172 handwriting 0
1062 1138 1151.9999999999998 1138 1151.9999999999998 1166 1062 1166 handwriting 0
878 1208 1546 1208 1546 1274 878 1274 handwriting 0
1566 1224 1722 1224 1722 1278 1566 1278 handwriting 0
1730 1234 1946 1234 1946 1318 1730 1318 handwriting 0
1698 1288 1874 1288 1874 1324 1698 1324 handwriting 0
1466 1318 1632 1318 1632 1362 1466 1362 handwriting 0
1262 1308 1422 1308 1422 1348 1262 1348 handwriting 0
748 1298 954 1298 954 1346 748 1346 handwriting 0
682 1378 896 1378 896 1430 682 1430 handwriting 0
1192 1392 1476 1392 1476 1440 1192 1440 handwriting 0
1482 1400 1614 1400 1614 1448 1482 1448 handwriting 0
1628 1402 1882 1402 1882 1484 1628 1484 handwriting 0
1252 1482 1622 1482 1622 1518.0000000000002 1252 1518.0000000000002 handwriting 0
1068 1476 1200 1476 1200 1522 1068 1522 handwriting 0
846 1468.0000000000002 1034 1468.0000000000002 1034 1512.0000000000002 846 1512.0000000000002 handwriting 0
528 1460 806 1460 806 1508 528 1508 handwriting 0
1450 1574.0000000000002 1682 1574.0000000000002 1682 1611.9999999999998 1450 1611.9999999999998 handwriting 0
1098 1549.9999999999998 1242 1549.9999999999998 1242 1598 1098 1598 handwriting 0
802 1549.9999999999998 996 1549.9999999999998 996 1590 802 1590 handwriting 0
524 1540 630 1540 630 1580.0000000000002 524 1580.0000000000002 handwriting 0
510 1617.9999999999998 1158 1617.9999999999998 1158 1678 510 1678 handwriting 0
1276 1636.0000000000002 1652 1636.0000000000002 1652 1688 1276 1688 handwriting 0
630 1204 792 1204 792 1252 630 1252 handwriting 0
978 1050 1072 1050 1072 1088 978 1088 handwriting 0
1322 978 1524 978 1524 1024 1322 1024 handwriting 0
50 566 520 566 520 660 50 660 handwriting 0
1248 100 1372 100 1372 172 1248 172 handwriting 0
1538 140 1682 140 1682 184 1538 184 handwriting 0
744 116 874 116 874 164 744 164 handwriting 0
702 206.00000000000003 864 206.00000000000003 864 248.00000000000003 702 248.00000000000003 handwriting 0
1120 220.00000000000003 1862 220.00000000000003 1862 288 1120 288 handwriting 0
1196 306 1596 306 1596 352 1196 352 handwriting 0
844 300 1018 300 1018 338 844 338 handwriting 0
536 286 680 286 680 336 536 336 handwriting 0
526 356 796 356 796 408 526 408 handwriting 0
932 374 1110 374 1110 422 932 422 handwriting 0
728 454.00000000000006 980 454.00000000000006 980 494 728 494 handwriting 0
564 444 656 444 656 492 564 492 handwriting 0
1216 466 1332 466 1332 498 1216 498 handwriting 0
1450 468.00000000000006 1536 468.00000000000006 1536 506 1450 506 handwriting 0
1590 546 1772 546 1772 602 1590 602 handwriting 0
1358 552 1484 552 1484 594 1358 594 handwriting 0
912 536 1276 536 1276 584 912 584 handwriting 0
646 532 758 532 758 582 646 582 handwriting 0
644 612 864 612 864 660 644 660 handwriting 0
1052 628 1284 628 1284 678 1052 678 handwriting 0
1526 1136 1772 1136 1772 1192 1526 1192 handwriting 0
1604 800 1956 800 1956 864 1604 864 handwriting 0
1404 804 1550 804 1550 854 1404 854 handwriting 0
1418 734.0000000000001 1608 734.0000000000001 1608 774 1418 774 handwriting 0
558 704 1078 704 1078 748 558 748 handwriting 0
60 84 570 84 570 195.99999999999997 60 195.99999999999997 handwriting 0
64 182.00000000000003 518 182.00000000000003 518 354 64 354 handwriting 0
76 18 1220 18 1220 116 76 116 handwriting 0
1106 800 1334 800 1334 833.9999999999999 1106 833.9999999999999 handwriting 0
856 790.0000000000001 1038 790.0000000000001 1038 828 856 828 handwriting 0
522 782 738 782 738 830 522 830 handwriting 0