1427 1183 1945 1183 1945 1346 1427 1346 handwriting 0
303 60 1692 60 1692 187 303 187 handwriting 0
296 294 347 294 347 323 296 323 handwriting 0
386 204 505 204 505 259 386 259 handwriting 0
794 206 1156 206 1156 265 794 265 handwriting 0
556 297 1123 297 1123 346 556 346 handwriting 0
1226 308 1419 308 1419 359 1226 359 handwriting 0
1158 384 1354 384 1354 444 1158 444 handwriting 0
660 382.00000000000006 994 382.00000000000006 994 437 660 437 handwriting 0
1054 474 1527 474 1527 530 1054 530 handwriting 0
530 467.99999999999994 776 467.99999999999994 776 514 530 514 handwriting 0
416 548 611 548 611 594 416 594 handwriting 0
764 558 1031 558 1031 604 764 604 handwriting 0
1218 564 1453 564 1453 611 1218 611 handwriting 0
318 630 409 630 409 666 318 666 handwriting 0
272 710 570 710 570 764.9999999999999 272 764.9999999999999 handwriting 0
692 718 795 718 795 761 692 761 handwriting 0
898 720 1110 720 1110 776 898 776 handwriting 0
1280 728 1382 728 1382 777 1280 777 handwriting 0
298 798 433 798 433 831 298 831 handwriting 0
752 806 1073 806 1073 855 752 855 handwriting 0
1320 814.0000000000001 1466 814.0000000000001 1466 856 1320 856 handwriting 0
862 894 1404 894 1404 945 862 945 handwriting 0
454 882 589 882 589 929 454 929 handwriting 0
252 966 946 966 946 1018 252 1018 handwriting 0
300 1056 1374 1056 1374 1112 300 1112 handwriting 0
526 1140 1397 1140 1397 1202 526 1202 handwriting 0
458 1220 1067 1220 1067 1274 458 1274 handwriting 0
1298 1296 1442 1296 1442 1353 1298 1353 handwriting 0
272 1302 583 1302 583 1352 272 1352 handwriting 0
620 1308 1209 1308 1209 1347 620 1347 handwriting 0
896 1382 1152 1382 1152 1417 896 1417 handwriting 0
298 1390 614 1390 614 1429.0000000000002 298 1429.0000000000002 handwriting 0
352 1472.0000000000002 1178 1472.0000000000002 1178 1527 352 1527 handwriting 0
1230 1472.0000000000002 1452 1472.0000000000002 1452 1536 1230 1536 handwriting 0
1458 1401.9999999999998 1829 1401.9999999999998 1829 1561 1458 1561 handwriting 0
1482 1588 1994 1588 1994 2104 1482 2104 handwriting 0
254 1556.0000000000002 541 1556.0000000000002 541 1610 254 1610 handwriting 0
396 1636 540 1636 540 1685.0000000000002 396 1685.0000000000002 handwriting 0
734 1642.0000000000002 1350 1642.0000000000002 1350 1693 734 1693 handwriting 0
1216 1566 1377 1566 1377 1611 1216 1611 handwriting 0
266 1722 790 1722 790 1775 266 1775 handwriting 0
284 1799.9999999999998 394 1799.9999999999998 394 1848 284 1848 handwriting 0
498 1808 706 1808 706 1856.0000000000002 498 1856.0000000000002 handwriting 0
888 1816 1229 1816 1229 1858 888 1858 handwriting 0
722 1892 973 1892 973 1932 722 1932 handwriting 0
736 1974 942 1974 942 2025.0000000000002 736 2025.0000000000002 handwriting 0
1176 1988 1438 1988 1438 2031 1176 2031 handwriting 0
246 2060 532 2060 532 2090 246 2090 handwriting 0
1008 2070 1582 2070 1582 2119 1008 2119 handwriting 0
208 2156 1900 2156 1900 2412 208 2412 handwriting 0