219 0 1974 0 1974 154 219 154 handwriting 0
113 478 310 478 310 589 113 589 handwriting 0
528 287 1025 287 1025 331 528 331 handwriting 0
1070 283 1587 283 1587 327 1070 327 handwriting 0
1558 82 2021 82 2021 572 1558 572 handwriting 0
1535 685 2015 685 2015 881.0000000000001 1535 881.0000000000001 handwriting 0
1093 370 1589 370 1589 422 1093 422 handwriting 0
1050 205 1595 205 1595 258 1050 258 handwriting 0
343 199 937 199 937 242 343 242 handwriting 0
305 455 800 455 800 497.99999999999994 305 497.99999999999994 handwriting 0
342 365 776 365 776 420 342 420 handwriting 0
870 457 1297 457 1297 497 870 497 handwriting 0
343 535 1010 535 1010 579 343 579 handwriting 0
1102 535 1622 535 1622 581 1102 581 handwriting 0
338 615 576 615 576 660 338 660 handwriting 0
770 619 1566 619 1566 668 770 668 handwriting 0
1028 713 1227 713 1227 747 1028 747 handwriting 0
305 785 1537 785 1537 827 305 827 handwriting 0
855 871.9999999999999 953 871.9999999999999 953 914 855 914 handwriting 0
330 864 771 864 771 904.9999999999999 330 904.9999999999999 handwriting 0
323 948 698 948 698 993 323 993 handwriting 0
930 952 1415 952 1415 992 930 992 handwriting 0
317 1035 532 1035 532 1081 317 1081 handwriting 0
818 1040 1026 1040 1026 1084 818 1084 handwriting 0
1260 1035 1349 1035 1349 1088 1260 1088 handwriting 0
1508 1430 2002 1430 2002 1684.9999999999998 1508 1684.9999999999998 handwriting 0
1547 1040 2007 1040 2007 1438 1547 1438 handwriting 0
330 1128 1502 1128 1502 1168 330 1168 handwriting 0
365 1207 570 1207 570 1251 365 1251 handwriting 0
765 1208 1464 1208 1464 1246 765 1246 handwriting 0
437 1287 868 1287 868 1324 437 1324 handwriting 0
998 1285 1513 1285 1513 1324 998 1324 handwriting 0
78 1220 327 1220 327 1778 78 1778 handwriting 0
580 1363 941 1363 941 1397 580 1397 handwriting 0
440 1442 719 1442 719 1486 440 1486 handwriting 0
845 1442 1512 1442 1512 1489 845 1489 handwriting 0
367 1530 1362 1530 1362 1576 367 1576 handwriting 0
375 1610 1279 1610 1279 1660 375 1660 handwriting 0
395 1770 613 1770 613 1809 395 1809 handwriting 0
335 1684.9999999999998 670 1684.9999999999998 670 1730.9999999999998 335 1730.9999999999998 handwriting 0
790 1690 994 1690 994 1738 790 1738 handwriting 0
1090 1700 1599 1700 1599 1770 1090 1770 handwriting 0
317 1853 511 1853 511 1894 317 1894 handwriting 0
595 1853 1255 1853 1255 1901.9999999999998 595 1901.9999999999998 handwriting 0
887 1778 1507 1778 1507 1830.0000000000002 887 1830.0000000000002 handwriting 0
1508 1768 1996 1768 1996 2206 1508 2206 handwriting 0
320 1936.9999999999998 572 1936.9999999999998 572 1990.0000000000002 320 1990.0000000000002 handwriting 0
810 1933.0000000000002 1322 1933.0000000000002 1322 2002 810 2002 handwriting 0
825 2028 913 2028 913 2080 825 2080 handwriting 0
1043 2033 1483 2033 1483 2078 1043 2078 handwriting 0
87 2127 1995 2127 1995 2425 87 2425 handwriting 0