1408 57.99999999999999 2013 57.99999999999999 2013 824.0000000000001 1408 824.0000000000001 handwriting 0
266 110 1408 110 1408 190 266 190 handwriting 0
252 211.99999999999997 1263 211.99999999999997 1263 270 252 270 handwriting 0
280 296 1245 296 1245 352 280 352 handwriting 0
776 378.00000000000006 1463 378.00000000000006 1463 429.00000000000006 776 429.00000000000006 handwriting 0
282 484 484 484 484 525 282 525 handwriting 0
610 482 727 482 727 520 610 520 handwriting 0
890 463.99999999999994 1396 463.99999999999994 1396 509.00000000000006 890 509.00000000000006 handwriting 0
1026 536 1394 536 1394 591 1026 591 handwriting 0
308 554 875 554 875 598 308 598 handwriting 0
288 644 523 644 523 688.9999999999999 288 688.9999999999999 handwriting 0
626 634 1147 634 1147 680 626 680 handwriting 0
1280 856 1506 856 1506 918 1280 918 handwriting 0
1486 968 1995 968 1995 1246 1486 1246 handwriting 0
1310 956 1498 956 1498 1017 1310 1017 handwriting 0
1362 1042 1503 1042 1503 1084 1362 1084 handwriting 0
282 813.9999999999999 682 813.9999999999999 682 864 282 864 handwriting 0
290 714 1480 714 1480 779.9999999999999 290 779.9999999999999 handwriting 0
78 1166 301 1166 301 1321 78 1321 handwriting 0
320 1067 412 1067 412 1107 320 1107 handwriting 0
540 1062 764 1062 764 1105 540 1105 handwriting 0
586 890 1067 890 1067 927.0000000000001 586 927.0000000000001 handwriting 0
606 956 1172 956 1172 1012 606 1012 handwriting 0
284 900 481 900 481 945 284 945 handwriting 0
300 984.0000000000001 508 984.0000000000001 508 1021 300 1021 handwriting 0
272 1130 1436 1130 1436 1191 272 1191 handwriting 0
1246 1214 1423 1214 1423 1246 1246 1246 handwriting 0
344 1220 920 1220 920 1272 344 1272 handwriting 0
848 1372 992 1372 992 1403 848 1403 handwriting 0
1104 1372 1286 1372 1286 1422.0000000000002 1104 1422.0000000000002 handwriting 0
1236 1292 1408 1292 1408 1326 1236 1326 handwriting 0
1384 1344 1557 1344 1557 1404 1384 1404 handwriting 0
286 1302 833 1302 833 1353 286 1353 handwriting 0
444 1388 672 1388 672 1420.0000000000002 444 1420.0000000000002 handwriting 0
562 1462 908 1462 908 1515.9999999999998 562 1515.9999999999998 handwriting 0
1266 1460 1468 1460 1468 1502.9999999999998 1266 1502.9999999999998 handwriting 0
298 1566 541 1566 541 1605.9999999999998 298 1605.9999999999998 handwriting 0
866 1540 1549 1540 1549 1600 866 1600 handwriting 0
1016 1632 1210 1632 1210 1672.0000000000002 1016 1672.0000000000002 handwriting 0
1504 1877.9999999999998 1983 1877.9999999999998 1983 2186 1504 2186 handwriting 0
1242 1722 1406 1722 1406 1763.9999999999998 1242 1763.9999999999998 handwriting 0
992 1724 1141 1724 1141 1763 992 1763 handwriting 0
326 1728 882 1728 882 1772 326 1772 handwriting 0
334 1798 1475 1798 1475 1862 334 1862 handwriting 0
1244 1879.9999999999998 1484 1879.9999999999998 1484 1923 1244 1923 handwriting 0
806 1888 1133 1888 1133 1941 806 1941 handwriting 0
600 1896 744 1896 744 1936 600 1936 handwriting 0
312 1910 450 1910 450 1947.9999999999998 312 1947.9999999999998 handwriting 0
506 1980 722 1980 722 2033 506 2033 handwriting 0
1056 1969.9999999999998 1504 1969.9999999999998 1504 2010 1056 2010 handwriting 0
756 2052 1492 2052 1492 2116 756 2116 handwriting 0
138 2072 1600 2072 1600 2325 138 2325 handwriting 0