1054 0 1987 0 1987 55 1054 55 handwriting 0
630 94 873 94 873 178 630 178 handwriting 0
1253 1645 1457 1645 1457 1691 1253 1691 handwriting 0
710 1647.9999999999998 868 1647.9999999999998 868 1696 710 1696 handwriting 0
460 1567.0000000000002 657 1567.0000000000002 657 1613 460 1613 handwriting 0
870 1567.0000000000002 1259 1567.0000000000002 1259 1601 870 1601 handwriting 0
265 1665 462 1665 462 1697.9999999999998 265 1697.9999999999998 handwriting 0
320 1750 511 1750 511 1785 320 1785 handwriting 0
763 1820 996 1820 996 1855 763 1855 handwriting 0
1200 1735 1494 1735 1494 1776 1200 1776 handwriting 0
270 1827.9999999999998 458 1827.9999999999998 458 1862 270 1862 handwriting 0
253 1907.9999999999998 564 1907.9999999999998 564 1952 253 1952 handwriting 0
678 1902 772 1902 772 1934 678 1934 handwriting 0
963 1897.9999999999998 1132 1897.9999999999998 1132 1931 963 1931 handwriting 0
1053 1980 1406 1980 1406 2026 1053 2026 handwriting 0
485 1987.9999999999998 950 1987.9999999999998 950 2024 485 2024 handwriting 0
1460 1764 2008 1764 2008 2182 1460 2182 handwriting 0
240 2162 2014 2162 2014 2287 240 2287 handwriting 0
145 2273 520 2273 520 2323 145 2323 handwriting 0
108 1925 270 1925 270 2295 108 2295 handwriting 0
273 1993 479 1993 479 2034 273 2034 handwriting 0