44 120 514 120 514 418 44 418 handwriting 0
48 616 513 616 513 888 48 888 handwriting 0
521 28 1931 28 1931 166 521 166 handwriting 0
514 210 1656 210 1656 257 514 257 handwriting 0
516 292 939 292 939 340 516 340 handwriting 0
1130 277 1842 277 1842 352 1130 352 handwriting 0
506 378 740 378 740 430 506 430 handwriting 0
906 376 1632 376 1632 422 906 422 handwriting 0
1320 458 1471 458 1471 504 1320 504 handwriting 0
1576 458 1849.9999999999998 458 1849.9999999999998 502 1576 502 handwriting 0
542 472 614 472 614 505.00000000000006 542 505.00000000000006 handwriting 0
760 550 1387 550 1387 599 760 599 handwriting 0
732 464 1229 464 1229 505.00000000000006 732 505.00000000000006 handwriting 0
1632 652 2004 652 2004 1008 1632 1008 handwriting 0
1244 632 1427 632 1427 681 1244 681 handwriting 0
1544 622 1720 622 1720 674 1544 674 handwriting 0
522 637 930 637 930 675 522 675 handwriting 0
798 716 1617 716 1617 753 798 753 handwriting 0
1482 798 1569 798 1569 842 1482 842 handwriting 0
1132 885.9999999999999 1219 885.9999999999999 1219 920 1132 920 handwriting 0
542 877.9999999999999 1052 877.9999999999999 1052 913.9999999999999 542 913.9999999999999 handwriting 0
546 796 692 796 692 838 546 838 handwriting 0
840 790 1345 790 1345 824 840 824 handwriting 0
1504 1126 1655 1126 1655 1166 1504 1166 handwriting 0
1644 1144 1978 1144 1978 1331 1644 1331 handwriting 0
970 1124 1415 1124 1415 1161 970 1161 handwriting 0
1264 961.9999999999999 1580 961.9999999999999 1580 1001 1264 1001 handwriting 0
520 960 1061 960 1061 1003 520 1003 handwriting 0
52 1136 504 1136 504 1580 52 1580 handwriting 0
1640 1501.9999999999998 1986 1501.9999999999998 1986 1721 1640 1721 handwriting 0
516 1046 637 1046 637 1077 516 1077 handwriting 0
922 1042 1028 1042 1028 1081 922 1081 handwriting 0
1322 1048 1479 1048 1479 1075 1322 1075 handwriting 0
1592 985.9999999999999 1783 985.9999999999999 1783 1073 1592 1073 handwriting 0
626 1126 784 1126 784 1171 626 1171 handwriting 0
546 1218 653 1218 653 1252 546 1252 handwriting 0
782 1212 908 1212 908 1249 782 1249 handwriting 0
1324 1210 1592 1210 1592 1248 1324 1248 handwriting 0
520 1294 660 1294 660 1338 520 1338 handwriting 0
980 1460 1654 1460 1654 1518.0000000000002 980 1518.0000000000002 handwriting 0
520 1372 1846 1372 1846 1428 520 1428 handwriting 0
1030 1294 1713 1294 1713 1331 1030 1331 handwriting 0
510 1712 1342 1712 1342 1756.9999999999998 510 1756.9999999999998 handwriting 0
568 1550.0000000000002 1555 1550.0000000000002 1555 1590.0000000000002 568 1590.0000000000002 handwriting 0
528 1468 742 1468 742 1500 528 1500 handwriting 0
760 1624 1584 1624 1584 1672 760 1672 handwriting 0
548 1632 609 1632 609 1668 548 1668 handwriting 0
56 1642 511 1642 511 2178 56 2178 handwriting 0
1446 1763.9999999999998 1743 1763.9999999999998 1743 1851.9999999999998 1446 1851.9999999999998 handwriting 0
632 1795.9999999999998 1238 1795.9999999999998 1238 1845.0000000000002 632 1845.0000000000002 handwriting 0
864 1890 1571 1890 1571 1952 864 1952 handwriting 0
1510 1934 1836 1934 1836 2039 1510 2039 handwriting 0
514 1984 934 1984 934 2030 514 2030 handwriting 0
1174 1984 1435 1984 1435 2033 1174 2033 handwriting 0
1484 2038 1973 2038 1973 2223 1484 2223 handwriting 0
530 2066 1347 2066 1347 2123 530 2123 handwriting 0
60 2168 1900 2168 1900 2430 60 2430 handwriting 0