50 1218 510 1218 510 1847.0000000000002 50 1847.0000000000002 handwriting 0
558 2005 1064 2005 1064 2078 558 2078 handwriting 0
555 1925 706 1925 706 1978 555 1978 handwriting 0
970 1942 1815 1942 1815 2006 970 2006 handwriting 0
1205 2025 1708 2025 1708 2096 1205 2096 handwriting 0
858 1840 1407 1840 1407 1913 858 1913 handwriting 0
798 1765 1140 1765 1140 1812 798 1812 handwriting 0
1253 1767 1513 1767 1513 1832 1253 1832 handwriting 0
570 1677 887 1677 887 1720 570 1720 handwriting 0
995 1690 1351 1690 1351 1736 995 1736 handwriting 0
1513 1664.9999999999998 1887 1664.9999999999998 1887 1786 1513 1786 handwriting 0
1658 1523 1938 1523 1938 1640 1658 1640 handwriting 0
1648 1315 1954 1315 1954 1493 1648 1493 handwriting 0
602 1593.0000000000002 1462 1593.0000000000002 1462 1663 602 1663 handwriting 0
528 1503 1456 1503 1456 1588.0000000000002 528 1588.0000000000002 handwriting 0
1490 1455 1725 1455 1725 1503 1490 1503 handwriting 0
1265 1453.0000000000002 1405 1453.0000000000002 1405 1495 1265 1495 handwriting 0
535 1425 1209 1425 1209 1484.0000000000002 535 1484.0000000000002 handwriting 0
570 1347 650 1347 650 1382 570 1382 handwriting 0
722 1345 1548 1345 1548 1419 722 1419 handwriting 0
573 1255 1186 1255 1186 1316 573 1316 handwriting 0
520 1180 800 1180 800 1230 520 1230 handwriting 0
923 1185 1464 1185 1464 1251 923 1251 handwriting 0
1515 1190 1782 1190 1782 1258 1515 1258 handwriting 0
1567 1128 1823 1128 1823 1178 1567 1178 handwriting 0
770 1110 1250 1110 1250 1158 770 1158 handwriting 0
533 1102 590 1102 590 1141 533 1141 handwriting 0
37 570 512 570 512 1095 37 1095 handwriting 0
695 945 1516 945 1516 1012 695 1012 handwriting 0
528 1018 979 1018 979 1079 528 1079 handwriting 0
1015 1033 1762 1033 1762 1101 1015 1101 handwriting 0
703 857 1282 857 1282 922 703 922 handwriting 0
1408 885 1517 885 1517 924 1408 924 handwriting 0
540 852.9999999999999 606 852.9999999999999 606 891.9999999999999 540 891.9999999999999 handwriting 0
1520 790 1708 790 1708 846 1520 846 handwriting 0
858 775 1214 775 1214 836 858 836 handwriting 0
528 763 747 763 747 827 528 827 handwriting 0
552 680 1201 680 1201 757 552 757 handwriting 0
1373 707.9999999999999 1645 707.9999999999999 1645 763 1373 763 handwriting 0
1150 625 1414 625 1414 673 1150 673 handwriting 0
523 603 1121 603 1121 671 523 671 handwriting 0
543 523 1008 523 1008 580 543 580 handwriting 0
1150 540 1842 540 1842 609 1150 609 handwriting 0
38 5 1947 5 1947 162 38 162 handwriting 0
55 120 524 120 524 460 55 460 handwriting 0
555 189.99999999999997 637 189.99999999999997 637 222 555 222 handwriting 0
818 187.99999999999997 1211 187.99999999999997 1211 246 818 246 handwriting 0
1293 193 1698 193 1698 259 1293 259 handwriting 0
1542 283 1868 283 1868 377 1542 377 handwriting 0
1510 357.99999999999994 1888 357.99999999999994 1888 460 1510 460 handwriting 0
1610 462 1955 462 1955 560 1610 560 handwriting 0
1307 453 1503 453 1503 515 1307 515 handwriting 0
798 440 1104 440 1104 502.99999999999994 798 502.99999999999994 handwriting 0
518 350 737 350 737 401.99999999999994 518 401.99999999999994 handwriting 0
633 270 1382 270 1382 334 633 334 handwriting 0
813 362.00000000000006 962 362.00000000000006 962 397.00000000000006 813 397.00000000000006 handwriting 0
1045 355 1464 355 1464 414 1045 414 handwriting 0