95 1597.9999999999998 312 1597.9999999999998 312 1743 95 1743 handwriting 0
93 1092 289 1092 289 1250 93 1250 handwriting 0
98 818 300 818 300 996 98 996 handwriting 0
90 345 280 345 280 722 90 722 handwriting 0
295 115 352 115 352 185.99999999999997 295 185.99999999999997 handwriting 0
488 138 593 138 593 180 488 180 handwriting 0
677 97 837 97 837 161 677 161 handwriting 0
1348 95 1495 95 1495 155 1348 155 handwriting 0
958 80 1317 80 1317 165 958 165 handwriting 0
183 28 1237 28 1237 97 183 97 handwriting 0
918 10 1930 10 1930 60 918 60 handwriting 0
302 235 599 235 599 268 302 268 handwriting 0
605 228 824 228 824 266 605 266 handwriting 0
853 218 1178 218 1178 255 853 255 handwriting 0
308 565 473 565 473 601 308 601 handwriting 0
327 485 920 485 920 513 327 513 handwriting 0
318 403 528 403 528 440 318 440 handwriting 0
305 327 477 327 477 360 305 360 handwriting 0
573 320 705 320 705 360 573 360 handwriting 0
998 298 1143 298 1143 340 998 340 handwriting 0
1230 230 1575 230 1575 329 1230 329 handwriting 0
683 395 867 395 867 435 683 435 handwriting 0
890 393 1189 393 1189 419 890 419 handwriting 0
1190 378 1423 378 1423 416 1190 416 handwriting 0
1550 133 2029 133 2029 346 1550 346 handwriting 0
1503 333 2030 333 2030 415 1503 415 handwriting 0
1163 463 1426 463 1426 496.99999999999994 1163 496.99999999999994 handwriting 0
548 565 655 565 655 606 548 606 handwriting 0
798 553 973 553 973 588 798 588 handwriting 0
1010 547 1473 547 1473 586 1010 586 handwriting 0
1470 401.99999999999994 2007 401.99999999999994 2007 479 1470 479 handwriting 0
1485 463 2024 463 2024 803.9999999999999 1485 803.9999999999999 handwriting 0
1533 798 1850 798 1850 873 1533 873 handwriting 0
1538 875 2025 875 2025 1006 1538 1006 handwriting 0
1563 992 2020 992 2020 1094 1563 1094 handwriting 0
1550 1085 2005 1085 2005 1245 1550 1245 handwriting 0
1453 1217 1951 1217 1951 1427.9999999999998 1453 1427.9999999999998 handwriting 0
1450 1425 2021 1425 2021 1553 1450 1553 handwriting 0
1520 1515 1986 1515 1986 1589 1520 1589 handwriting 0
1545 1573 1698 1573 1698 1634 1545 1634 handwriting 0
600 1560 800 1560 800 1600 600 1600 handwriting 0
855 1560 878 1560 878 1600 855 1600 handwriting 0
335 1563 517 1563 517 1604 335 1604 handwriting 0
345 1385 530 1385 530 1431 345 1431 handwriting 0
288 1308 519 1308 519 1350 288 1350 handwriting 0
303 1143 641 1143 641 1185 303 1185 handwriting 0
1083 1048 1473 1048 1473 1082 1083 1082 handwriting 0
1163 1130 1359 1130 1359 1174 1163 1174 handwriting 0
710 1057 734 1057 734 1088 710 1088 handwriting 0
325 817 502 817 502 858 325 858 handwriting 0
313 738.0000000000001 714 738.0000000000001 714 768.9999999999999 313 768.9999999999999 handwriting 0
859 723.0000000000001 957 723.0000000000001 957 756 859 756 handwriting 0
633 648 745 648 745 686 633 686 handwriting 0
285 650 496 650 496 687 285 687 handwriting 0
808 638 1301 638 1301 677 808 677 handwriting 0
1245 878 1410 878 1410 918.9999999999999 1245 918.9999999999999 handwriting 0
775 892 949 892 949 930 775 930 handwriting 0
458 903 554 903 554 938.9999999999999 458 938.9999999999999 handwriting 0
603 812 863 812 863 853.9999999999999 603 853.9999999999999 handwriting 0
910 805 1194 805 1194 847 910 847 handwriting 0
1230 790 1361 790 1361 840 1230 840 handwriting 0
635 970 1078 970 1078 1012 635 1012 handwriting 0
1583 1745 2009 1745 2009 1847.9999999999998 1583 1847.9999999999998 handwriting 0
1610 1847.9999999999998 1977 1847.9999999999998 1977 1918.9999999999998 1610 1918.9999999999998 handwriting 0
1585 1890 2020 1890 2020 2093 1585 2093 handwriting 0
305 2149 2017 2149 2017 2322 305 2322 handwriting 0
673 2053 842 2053 842 2096 673 2096 handwriting 0
337 2065 577 2065 577 2104 337 2104 handwriting 0
360 1982 404 1982 404 2010 360 2010 handwriting 0
338 1893 690 1893 690 1932 338 1932 handwriting 0
333 1735 653 1735 653 1769 333 1769 handwriting 0
340 1650 758 1650 758 1684 340 1684 handwriting 0
835 1642 1291 1642 1291 1675 835 1675 handwriting 0
793 1300 1237 1300 1237 1331 793 1331 handwriting 0
1173 1213 1389 1213 1389 1248 1173 1248 handwriting 0
432 1225 1049 1225 1049 1261 432 1261 handwriting 0
1148 1377 1347 1377 1347 1417.9999999999998 1148 1417.9999999999998 handwriting 0
638 1383 1102 1383 1102 1419 638 1419 handwriting 0
925 1467.0000000000002 1197 1467.0000000000002 1197 1503 925 1503 handwriting 0
1055 1550 1503 1550 1503 1582 1055 1582 handwriting 0
895 1725 1636 1725 1636 1760 895 1760 handwriting 0
1315 1800 1448 1800 1448 1834 1315 1834 handwriting 0
997 1813 1251 1813 1251 1837.9999999999998 997 1837.9999999999998 handwriting 0
325 1820 827 1820 827 1850 325 1850 handwriting 0
833 1892 959 1892 959 1928.9999999999998 833 1928.9999999999998 handwriting 0
1093 1887.9999999999998 1204 1887.9999999999998 1204 1918.9999999999998 1093 1918.9999999999998 handwriting 0
1275 1880 1366 1880 1366 1921 1275 1921 handwriting 0
793 1973 931 1973 931 2002 793 2002 handwriting 0
492 1977.9999999999998 659 1977.9999999999998 659 2005 492 2005 handwriting 0
1378 1960 1581 1960 1581 1998.9999999999998 1378 1998.9999999999998 handwriting 0
1395 1987.9999999999998 1587 1987.9999999999998 1587 2044 1395 2044 handwriting 0
1033 1960 1367 1960 1367 1996 1033 1996 handwriting 0
1085 2045 1522 2045 1522 2086 1085 2086 handwriting 0
1268 957 1489 957 1489 995 1268 995 handwriting 0