42 602 492 602 492 761 42 761 handwriting 0
712 1270 908 1270 908 1312 712 1312 handwriting 0
958 1269 1161 1269 1161 1302 958 1302 handwriting 0
1174 1260 1351 1260 1351 1294 1174 1294 handwriting 0
1380 1256 1625 1256 1625 1299 1380 1299 handwriting 0
1634 1258 1773.9999999999998 1258 1773.9999999999998 1301 1634 1301 handwriting 0
1550 1340 1766 1340 1766 1386 1550 1386 handwriting 0
1368 1342 1491 1342 1491 1383 1368 1383 handwriting 0
958 1350 1159 1350 1159 1383 958 1383 handwriting 0
680 1356 849 1356 849 1387 680 1387 handwriting 0
1142 1440 1431 1440 1431 1479 1142 1479 handwriting 0
618 1437.9999999999998 927 1437.9999999999998 927 1482 618 1482 handwriting 0
46 1304 468 1304 468 1479 46 1479 handwriting 0
48 1473.9999999999998 495 1473.9999999999998 495 1630 48 1630 handwriting 0
50 1606 556 1606 556 1908 50 1908 handwriting 0
62 1898.0000000000002 564 1898.0000000000002 564 2117 62 2117 handwriting 0
68 2082 573 2082 573 2212 68 2212 handwriting 0
75 2193 1982 2193 1982 2386 75 2386 handwriting 0
1114 1520 1745 1520 1745 1559.9999999999998 1114 1559.9999999999998 handwriting 0
1681 1549 1893 1549 1893 1667 1681 1667 handwriting 0
1557 1609 1624 1609 1624 1638.9999999999998 1557 1638.9999999999998 handwriting 0
626 1620.9999999999998 836 1620.9999999999998 836 1656.9999999999998 626 1656.9999999999998 handwriting 0
980 1611.0000000000002 1230 1611.0000000000002 1230 1645 980 1645 handwriting 0
632 1705 769 1705 769 1740.0000000000002 632 1740.0000000000002 handwriting 0
1457 1682 1544 1682 1544 1721 1457 1721 handwriting 0
1605 1680 1800 1680 1800 1721.9999999999998 1605 1721.9999999999998 handwriting 0
1625 1762 1795 1762 1795 1805.0000000000002 1625 1805.0000000000002 handwriting 0
1805 1753 1923 1753 1923 1835 1805 1835 handwriting 0
1435 1770 1527 1770 1527 1809 1435 1809 handwriting 0
957 1768 1194 1768 1194 1807.9999999999998 957 1807.9999999999998 handwriting 0
605 1782 811 1782 811 1814.9999999999998 605 1814.9999999999998 handwriting 0
593 1877 779 1877 779 1904 593 1904 handwriting 0
853 1870 994 1870 994 1900 853 1900 handwriting 0
1343 1855.0000000000002 1772 1855.0000000000002 1772 1897 1343 1897 handwriting 0
1543 2022 1904 2022 1904 2065 1543 2065 handwriting 0
1242 2025 1480 2025 1480 2061 1242 2061 handwriting 0
757 2032 1026 2032 1026 2066 757 2066 handwriting 0
995 2112 1287 2112 1287 2148 995 2148 handwriting 0
1323 2108 1529 2108 1529 2153 1323 2153 handwriting 0
593 1953 753 1953 753 1987 593 1987 handwriting 0
900 1942 1902 1942 1902 1992 900 1992 handwriting 0