71 18 1922 18 1922 148 71 148 handwriting 0
83 425 545 425 545 603 83 603 handwriting 0
584 274 841 274 841 307 584 307 handwriting 0
1326 260 1525 260 1525 298 1326 298 handwriting 0
1400 350 1508 350 1508 378.99999999999994 1400 378.99999999999994 handwriting 0
572 356 1258 356 1258 393 572 393 handwriting 0
772 422 1589 422 1589 466 772 466 handwriting 0
1292 510 1465 510 1465 554 1292 554 handwriting 0
578 528 736 528 736 571 578 571 handwriting 0
724 612 909 612 909 652 724 652 handwriting 0
1580 672 1798 672 1798 733 1580 733 handwriting 0
852 696 1197 696 1197 734 852 734 handwriting 0
550 764 1237 764 1237 836 550 836 handwriting 0
1552 798 1737 798 1737 885 1552 885 handwriting 0
580 846 1516 846 1516 923.0000000000001 580 923.0000000000001 handwriting 0
1326 932 1874 932 1874 1006.0000000000001 1326 1006.0000000000001 handwriting 0
558 940.0000000000001 1299 940.0000000000001 1299 993 558 993 handwriting 0
1224 1018 1630 1018 1630 1058 1224 1058 handwriting 0
1466 1098 1730 1098 1730 1137 1466 1137 handwriting 0
1014 1106 1285 1106 1285 1146 1014 1146 handwriting 0
584 1042 826 1042 826 1068 584 1068 handwriting 0
574 1110 870 1110 870 1154 574 1154 handwriting 0
1590 1178 1850 1178 1850 1231 1590 1231 handwriting 0
670 1182 1541 1182 1541 1247 670 1247 handwriting 0
1636 1270 1786 1270 1786 1341 1636 1341 handwriting 0
1400 1270 1527 1270 1527 1319 1400 1319 handwriting 0
64 734 562 734 562 1108 64 1108 handwriting 0
788 1282 1105 1282 1105 1328 788 1328 handwriting 0
1114 1356 1705 1356 1705 1405 1114 1405 handwriting 0
1402 1415.9999999999998 1936 1415.9999999999998 1936 1481.9999999999998 1402 1481.9999999999998 handwriting 0
564 1372 952 1372 952 1420 564 1420 handwriting 0
562 1456 810 1456 810 1506 562 1506 handwriting 0
1144 1526 1330 1526 1330 1558 1144 1558 handwriting 0
88 1143 575 1143 575 1398 88 1398 handwriting 0
602 1524 701 1524 701 1563.0000000000002 602 1563.0000000000002 handwriting 0
1352 1592 1838 1592 1838 1632 1352 1632 handwriting 0
1340 1680.0000000000002 1785 1680.0000000000002 1785 1725 1340 1725 handwriting 0
1664 1768 1779 1768 1779 1802 1664 1802 handwriting 0
1760 1868 2022 1868 2022 1974 1760 1974 handwriting 0
920 1600 1012 1600 1012 1634.9999999999998 920 1634.9999999999998 handwriting 0
626 1604 796 1604 796 1637 626 1637 handwriting 0
699 1690 815 1690 815 1726 699 1726 handwriting 0
782 1770 961 1770 961 1813 782 1813 handwriting 0
1056 1762 1438 1762 1438 1796 1056 1796 handwriting 0
1092 1842 1578 1842 1578 1892 1092 1892 handwriting 0
616 1856 962 1856 962 1897.0000000000002 616 1897.0000000000002 handwriting 0
632 1940 1390 1940 1390 1980.0000000000002 632 1980.0000000000002 handwriting 0
808 2020 1113 2020 1113 2062 808 2062 handwriting 0
1300 2018 1723 2018 1723 2071 1300 2071 handwriting 0
1212 2104 1780 2104 1780 2154 1212 2154 handwriting 0
636 2116 848 2116 848 2158 636 2158 handwriting 0
90 1476 617 1476 617 2165 90 2165 handwriting 0