294 94 1508 94 1508 199 294 199 handwriting 0
294 226 1389 226 1389 277 294 277 handwriting 0
482 306 1529 306 1529 360 482 360 handwriting 0
1464 305 2012 305 2012 1082 1464 1082 handwriting 0
274 396 510.99999999999994 396 510.99999999999994 435.99999999999994 274 435.99999999999994 handwriting 0
716 398 1374 398 1374 529 716 529 handwriting 0
321 474 811 474 811 522 321 522 handwriting 0
266 636 413 636 413 676 266 676 handwriting 0
264 554 1362 554 1362 616 264 616 handwriting 0
1098 662 1248 662 1248 696 1098 696 handwriting 0
274 726 778 726 778 766 274 766 handwriting 0
930 728 1386 728 1386 784 930 784 handwriting 0
260 812 548 812 548 851 260 851 handwriting 0
744 830 1377 830 1377 866 744 866 handwriting 0
1446 1252 1992 1252 1992 1469 1446 1469 handwriting 0
1186 1078 2006 1078 2006 1182 1186 1182 handwriting 0
1292 996 1526 996 1526 1040 1292 1040 handwriting 0
268 976 484 976 484 1013.9999999999999 268 1013.9999999999999 handwriting 0
316 894 542 894 542 933 316 933 handwriting 0
662 902 1442 902 1442 946 662 946 handwriting 0
968 984 1190 984 1190 1022 968 1022 handwriting 0
272 1318 714 1318 714 1354 272 1354 handwriting 0
1246 1312 1485 1312 1485 1369 1246 1369 handwriting 0
1234 1408 1453 1408 1453 1454 1234 1454 handwriting 0
258 1056 1047 1056 1047 1108 258 1108 handwriting 0
342 1148 516 1148 516 1183 342 1183 handwriting 0
272 1232 1366 1232 1366 1273 272 1273 handwriting 0
786 1152 1209 1152 1209 1193 786 1193 handwriting 0
834 1400.0000000000002 1018.0000000000001 1400.0000000000002 1018.0000000000001 1442.0000000000002 834 1442.0000000000002 handwriting 0
302 1487.9999999999998 435 1487.9999999999998 435 1522 302 1522 handwriting 0
630 1490 1006 1490 1006 1532 630 1532 handwriting 0
1152 1501.9999999999998 1438 1501.9999999999998 1438 1538 1152 1538 handwriting 0
1502 1514.0000000000002 1987 1514.0000000000002 1987 1742.0000000000002 1502 1742.0000000000002 handwriting 0
650 1576 932 1576 932 1614.0000000000002 650 1614.0000000000002 handwriting 0
1130 1584 1534 1584 1534 1659 1130 1659 handwriting 0
1509 2054 1978 2054 1978 2177 1509 2177 handwriting 0
1016 1871.9999999999998 1616 1871.9999999999998 1616 1951 1016 1951 handwriting 0
1076 1999.9999999999998 1498 1999.9999999999998 1498 2040.9999999999998 1076 2040.9999999999998 handwriting 0
1174 2094 1450 2094 1450 2123 1174 2123 handwriting 0
840 1912.0000000000002 997 1912.0000000000002 997 1946 840 1946 handwriting 0
582 1743.9999999999998 1291 1743.9999999999998 1291 1776 582 1776 handwriting 0
278 1660 500 1660 500 1692 278 1692 handwriting 0
548 1662 825 1662 825 1696 548 1696 handwriting 0
996 1662 1325 1662 1325 1700.9999999999998 996 1700.9999999999998 handwriting 0
744 1826.0000000000002 843 1826.0000000000002 843 1865 744 1865 handwriting 0
292 1740 329 1740 329 1779 292 1779 handwriting 0
244 1818 545 1818 545 1858 244 1858 handwriting 0
348 1988 733 1988 733 2025.0000000000002 348 2025.0000000000002 handwriting 0
469 2078 828 2078 828 2118 469 2118 handwriting 0
1332 2136 1562 2136 1562 2203 1332 2203 handwriting 0
220 2169 1395 2169 1395 2306 220 2306 handwriting 0
1023.9999999999999 1827.9999999999998 1410 1827.9999999999998 1410 1866 1023.9999999999999 1866 handwriting 0