68 860 96 860 96 880.0000000000001 68 880.0000000000001 handwriting 0
71 978 110 978 110 1166 71 1166 handwriting 0
229 1144 245 1144 245 1183 229 1183 handwriting 0
759 419 779 419 779 447.00000000000006 759 447.00000000000006 handwriting 0
749 235 894 235 894 296 749 296 handwriting 0
901 121.00000000000001 958 121.00000000000001 958 164 901 164 handwriting 0
992 261 1017 261 1017 604 992 604 handwriting 0
664 950 704 950 704 977 664 977 handwriting 0
489 1073 648 1073 648 1132 489 1132 handwriting 0
542 883 638 883 638 995.9999999999999 542 995.9999999999999 handwriting 0
684 1123 1014 1123 1014 1233 684 1233 handwriting 0
728 796 1028 796 1028 1139 728 1139 handwriting 0