20 251.99999999999997 53 251.99999999999997 53 269 20 269 handwriting 0
52 34 188.99999999999997 34 188.99999999999997 80 52 80 handwriting 0
289 35 340 35 340 81 289 81 handwriting 0
514 107 591 107 591 185 514 185 handwriting 0
551 211 609 211 609 227 551 227 handwriting 0
530 290 642 290 642 321 530 321 handwriting 0
521 390 638 390 638 422 521 422 handwriting 0
526 429 560 429 560 443 526 443 handwriting 0
531 516 650 516 650 547 531 547 handwriting 0
540 581 572 581 572 604 540 604 handwriting 0
521 695 644 695 644 731 521 731 handwriting 0
537 776 554 776 554 797 537 797 handwriting 0