106 1221 168 1221 168 1247 106 1247 handwriting 0
87 948.9999999999999 148 948.9999999999999 148 968 87 968 handwriting 0
71 731 120 731 120 750.9999999999999 71 750.9999999999999 handwriting 0
98 612 135 612 135 639 98 639 handwriting 0
108 426 143 426 143 446 108 446 handwriting 0
76 192.00000000000003 152 192.00000000000003 152 313 76 313 handwriting 0
529 198.99999999999997 562 198.99999999999997 562 220 529 220 handwriting 0
599 156 705 156 705 172 599 172 handwriting 0
427 973.9999999999999 501 973.9999999999999 501 987 427 987 handwriting 0
929 1222 987 1222 987 1267 929 1267 handwriting 0
985 1032 1011 1032 1011 1107 985 1107 handwriting 0
934 1105 980 1105 980 1124 934 1124 handwriting 0
935 958 986 958 986 990 935 990 handwriting 0
938 648 956 648 956 677 938 677 handwriting 0
873 618 972 618 972 639 873 639 handwriting 0
598 717 630 717 630 731 598 731 handwriting 0
665 375 761 375 761 389.00000000000006 665 389.00000000000006 handwriting 0
941 163 993 163 993 206 941 206 handwriting 0
872 186 903 186 903 200 872 200 handwriting 0
938 312 1019 312 1019 429 938 429 handwriting 0
606 443.00000000000006 799 443.00000000000006 799 454 606 454 handwriting 0