782 868 918 868 918 889.9999999999999 782 889.9999999999999 handwriting 0
852 917 911 917 911 938 852 938 handwriting 0
781 940 978 940 978 969 781 969 handwriting 0
850 686 983 686 983 780 850 780 handwriting 0
781 604 840 604 840 675 781 675 handwriting 0
783 367 925 367 925 467 783 467 handwriting 0
849 283 970 283 970 341 849 341 handwriting 0
781 241.99999999999997 905 241.99999999999997 905 293 781 293 handwriting 0
32 204 137 204 137 230 32 230 handwriting 0
41 233.99999999999997 101 233.99999999999997 101 293 41 293 handwriting 0
32 339 167 339 167 390 32 390 handwriting 0
32 496 141 496 141 591 32 591 handwriting 0
34 610 85 610 85 668 34 668 handwriting 0
116 644 158 644 158 692 116 692 handwriting 0
34 669 99 669 99 740 34 740 handwriting 0
103 703 166 703 166 763.0000000000001 103 763.0000000000001 handwriting 0
31 774 102 774 102 829.9999999999999 31 829.9999999999999 handwriting 0
35 848 167 848 167 878 35 878 handwriting 0