104 4 1052 4 1052 114.99999999999999 104 114.99999999999999 handwriting 0
956 74 1945 74 1945 200 956 200 handwriting 0
2088 1098 2187 1098 2187 1169 2088 1169 handwriting 0
2114 1318 2187 1318 2187 1391 2114 1391 handwriting 0
2096 1484 2187 1484 2187 1608 2096 1608 handwriting 0
2014 1108 2068 1108 2068 1528 2014 1528 handwriting 0
2029 1542 2067 1542 2067 1592 2029 1592 handwriting 0
2018 1608 2073 1608 2073 1653 2018 1653 handwriting 0
2004 1674 2045 1674 2045 1852 2004 1852 handwriting 0
2036 1836 2074 1836 2074 1899 2036 1899 handwriting 0
2092 1858 2187 1858 2187 1963.0000000000002 2092 1963.0000000000002 handwriting 0
1948 1982 2187 1982 2187 2047 1948 2047 handwriting 0
2038 2052 2080 2052 2080 2106 2038 2106 handwriting 0
2010 1928 2038 1928 2038 1972 2010 1972 handwriting 0
2044 2182 2070 2182 2070 2235 2044 2235 handwriting 0
2018 2256 2053 2256 2053 2290 2018 2290 handwriting 0
2094 2106 2187 2106 2187 2219 2094 2219 handwriting 0
2026 2316 2044 2316 2044 2352 2026 2352 handwriting 0
2094 2274 2187 2274 2187 2339 2094 2339 handwriting 0
2098 2366 2182 2366 2182 2414 2098 2414 handwriting 0
2014 2432 2078 2432 2078 2608 2014 2608 handwriting 0
2100 2500 2187 2500 2187 3066 2100 3066 handwriting 0
2032 2692 2084 2692 2084 2738 2032 2738 handwriting 0
2042.0000000000002 2754 2088 2754 2088 2799 2042.0000000000002 2799 handwriting 0
2056 2816 2089 2816 2089 2858 2056 2858 handwriting 0
2044 2880 2089 2880 2089 2920 2044 2920 handwriting 0
2038 2942 2084 2942 2084 2979 2038 2979 handwriting 0
2026 3006 2089 3006 2089 3054 2026 3054 handwriting 0
1086 3070 1688 3070 1688 3148 1086 3148 handwriting 0
996 2634 1089 2634 1089 2686 996 2686 handwriting 0
720 2548 835 2548 835 2623 720 2623 handwriting 0
716 2448 1060 2448 1060 2505 716 2505 handwriting 0
764 2120 1035 2120 1035 2176 764 2176 handwriting 0
712 1994 1056 1994 1056 2052 712 2052 handwriting 0
722 2894 1086 2894 1086 2949 722 2949 handwriting 0
730 2954 1031 2954 1031 3016 730 3016 handwriting 0
102 2536 226 2536 226 2598 102 2598 handwriting 0
204 2606 236 2606 236 2725 204 2725 handwriting 0
98 2716 229 2716 229 2779 98 2779 handwriting 0
186 2796 226.99999999999997 2796 226.99999999999997 3028 186 3028 handwriting 0
780 1116 1052 1116 1052 1165 780 1165 handwriting 0