515 0 1432 0 1432 99 515 99 handwriting 0
915 95 2187 95 2187 217 915 217 handwriting 0
1815 500 2017 500 2017 641 1815 641 handwriting 0
930 628 1727 628 1727 692 930 692 handwriting 0
2105 1150 2187 1150 2187 1202 2105 1202 handwriting 0
2102 1458 2178 1458 2178 1538 2102 1538 handwriting 0
95 395 239 395 239 1478 95 1478 handwriting 0
730 1010 1196 1010 1196 1093 730 1093 handwriting 0
695 1403 729 1403 729 1452 695 1452 handwriting 0
1035 1400 1076 1400 1076 1451 1035 1451 handwriting 0
1280 1388 1431 1388 1431 1450 1280 1450 handwriting 0
703 1963.0000000000002 1072 1963.0000000000002 1072 2045 703 2045 handwriting 0
840 2033.0000000000002 975 2033.0000000000002 975 2077 840 2077 handwriting 0
103 1605 188 1605 188 1662 103 1662 handwriting 0
98 1785 181 1785 181 1909 98 1909 handwriting 0
105 2108 204 2108 204 2231 105 2231 handwriting 0
102 2278 212 2278 212 2364 102 2364 handwriting 0
688 1278 1067 1278 1067 1390 688 1390 handwriting 0
858 1145 996 1145 996 1192 858 1192 handwriting 0
863 1210 1017 1210 1017 1260 863 1260 handwriting 0
2093 2437 2187 2437 2187 2620 2093 2620 handwriting 0
2092 2770 2186 2770 2186 2836 2092 2836 handwriting 0
2158 2980 2187 2980 2187 3027 2158 3027 handwriting 0
860 2658 1025 2658 1025 2703 860 2703 handwriting 0
933 2468 1060 2468 1060 2530 933 2530 handwriting 0
710 2467 814 2467 814 2533 710 2533 handwriting 0
864 2343 995 2343 995 2387 864 2387 handwriting 0
685 2400 1064 2400 1064 2460 685 2460 handwriting 0
890 2882 993.9999999999999 2882 993.9999999999999 2920 890 2920 handwriting 0
138 3193 354 3193 354 3277 138 3277 handwriting 0
1616 3140 2178 3140 2178 3328 1616 3328 handwriting 0
390 3123 1555 3123 1555 3434 390 3434 handwriting 0
103 2985 217 2985 217 3066 103 3066 handwriting 0
193 2428 222 2428 222 2613 193 2613 handwriting 0
185 2728 228 2728 228 2961 185 2961 handwriting 0
105 2800 193 2800 193 2868 105 2868 handwriting 0
95 2660 183.99999999999997 2660 183.99999999999997 2727 95 2727 handwriting 0
120 2600 219.00000000000003 2600 219.00000000000003 2660 120 2660 handwriting 0
100 2413 189 2413 189 2470 100 2470 handwriting 0
110 2490 178 2490 178 2554 110 2554 handwriting 0