180 23 2157 23 2157 487 180 487 handwriting 0
507 500 2173 500 2173 847 507 847 handwriting 0
1573 893 2183 893 2183 1020 1573 1020 handwriting 0
73 1007 1787 1007 1787 1260 73 1260 handwriting 0
33 1260 2187 1260 2187 2043.0000000000002 33 2043.0000000000002 handwriting 0
1087 2053 2170 2053 2170 2290 1087 2290 handwriting 0
63 2167 863 2167 863 2350 63 2350 handwriting 0
343 2310 1347 2310 1347 2620 343 2620 handwriting 0
130 2583 1447 2583 1447 2763 130 2763 handwriting 0
1507 2440 2017 2440 2017 2810 1507 2810 handwriting 0
80 2913 1147 2913 1147 3070 80 3070 handwriting 0
53 3217 1687 3217 1687 3367 53 3367 handwriting 0
193 3097 2063 3097 2063 3220 193 3220 handwriting 0