62 0 2140 0 2140 145 62 145 handwriting 0
1755 480 2140 480 2140 851 1755 851 handwriting 0
392 593 582 593 582 694 392 694 handwriting 0
15 732 109 732 109 783 15 783 handwriting 0
18 778 230 778 230 896.0000000000001 18 896.0000000000001 handwriting 0
595 1000 1463 1000 1463 1075 595 1075 handwriting 0
32 893 343 893 343 1089 32 1089 handwriting 0
1575 848 2055 848 2055 1037 1575 1037 handwriting 0
1756.9999999999998 1025 2116 1025 2116 1177 1756.9999999999998 1177 handwriting 0
102 2968 1160 2968 1160 3173 102 3173 handwriting 0
1275 2990 2134 2990 2134 3178 1275 3178 handwriting 0