143 13 1353 13 1353 179 143 179 handwriting 0
1412.9999999999998 0 2178 0 2178 95 1412.9999999999998 95 handwriting 0
1358 95 2187 95 2187 253.99999999999997 1358 253.99999999999997 handwriting 0
1987.9999999999998 268 2159 268 2159 330 1987.9999999999998 330 handwriting 0
638 653 2180 653 2180 725 638 725 handwriting 0
97 1028 205 1028 205 1108 97 1108 handwriting 0
100 1207 181 1207 181 1332 100 1332 handwriting 0
2093 1103 2187 1103 2187 2902 2093 2902 handwriting 0
758 1310 1069 1310 1069 1415 758 1415 handwriting 0
982 1433 1155 1433 1155 1480 982 1480 handwriting 0
992 1483 1070 1483 1070 1513 992 1513 handwriting 0
725 1500 1084 1500 1084 1572 725 1572 handwriting 0
705 1835 762.9999999999999 1835 762.9999999999999 1905 705 1905 handwriting 0
270 1728 353 1728 353 1775 270 1775 handwriting 0
108 1407 188 1407 188 1523 108 1523 handwriting 0
105 1575 234 1575 234 1788 105 1788 handwriting 0
205 1153 224 1153 224 1582 205 1582 handwriting 0
224 1155 260 1155 260 1199 224 1199 handwriting 0
266 1270 330 1270 330 1317 266 1317 handwriting 0
281.99999999999994 1465 333 1465 333 1507 281.99999999999994 1507 handwriting 0
265 1850.0000000000002 360 1850.0000000000002 360 1905 265 1905 handwriting 0
333 1918 380 1918 380 1971 333 1971 handwriting 0
794.9999999999999 1887.0000000000002 1076 1887.0000000000002 1076 1963.0000000000002 794.9999999999999 1963.0000000000002 handwriting 0
1025 1955 1078 1955 1078 1994 1025 1994 handwriting 0
750 2098 1018 2098 1018 2147 750 2147 handwriting 0
920 2155 1029 2155 1029 2221 920 2221 handwriting 0
722 2218 1071 2218 1071 2274 722 2274 handwriting 0
848 2273 907.9999999999999 2273 907.9999999999999 2324 848 2324 handwriting 0
938 2282 998 2282 998 2335 938 2335 handwriting 0
725 2450 1068 2450 1068 2573 725 2573 handwriting 0
963 2595 1068 2595 1068 2645 963 2645 handwriting 0
712 2682 1065 2682 1065 2779 712 2779 handwriting 0
110 2813 225 2813 225 2939 110 2939 handwriting 0
108 2495 219.00000000000003 2495 219.00000000000003 2613 108 2613 handwriting 0
102 2677 181 2677 181 2746 102 2746 handwriting 0
97 1862.9999999999998 194 1862.9999999999998 194 2119 97 2119 handwriting 0
120 2178 203 2178 203 2242 120 2242 handwriting 0
98 2302 198 2302 198 2429 98 2429 handwriting 0
193 1749.9999999999998 245 1749.9999999999998 245 3022 193 3022 handwriting 0
213 3040 240 3040 240 3106 213 3106 handwriting 0
1101 3078 2080 3078 2080 3143 1101 3143 handwriting 0
276 3094 547 3094 547 3191 276 3191 handwriting 0
559.0000000000001 3070 1098 3070 1098 3177 559.0000000000001 3177 handwriting 0