20 0 2110 0 2110 197 20 197 handwriting 0
1767 208 2126 208 2126 286 1767 286 handwriting 0
786 453 1202 453 1202 545 786 545 handwriting 0
1755 568 2137 568 2137 875 1755 875 handwriting 0
1720 843 2114 843 2114 991.9999999999999 1720 991.9999999999999 handwriting 0
1832 968 1978 968 1978 1053 1832 1053 handwriting 0
30 1308 142 1308 142 1426 30 1426 handwriting 0
50 1165 374 1165 374 1355 50 1355 handwriting 0
427 1235 661 1235 661 1352 427 1352 handwriting 0
658 1305 759 1305 759 1358 658 1358 handwriting 0
18 1433 120 1433 120 1802.9999999999998 18 1802.9999999999998 handwriting 0
1100 1298 1156 1298 1156 1348 1100 1348 handwriting 0
1158 1230 1703 1230 1703 1356 1158 1356 handwriting 0
1572 1148 1921 1148 1921 1226 1572 1226 handwriting 0
1739 1202 2146 1202 2146 1438 1739 1438 handwriting 0
18 2060 108 2060 108 2225 18 2225 handwriting 0
105 2138 380 2138 380 2213 105 2213 handwriting 0
970 2080 1387 2080 1387 2164 970 2164 handwriting 0
1415 2145 1739 2145 1739 2285 1415 2285 handwriting 0
1735 2160 2140 2160 2140 2288 1735 2288 handwriting 0
1843 2285 2040 2285 2040 2353 1843 2353 handwriting 0
1525 2088 1724.9999999999998 2088 1724.9999999999998 2152 1525 2152 handwriting 0
1763 2088 2104 2088 2104 2161 1763 2161 handwriting 0
1748 1755.0000000000002 2141 1755.0000000000002 2141 2082 1748 2082 handwriting 0
1750 1507 2145 1507 2145 1751 1750 1751 handwriting 0