132 30.000000000000004 494 30.000000000000004 494 539 132 539 handwriting 0
462 462 525 462 525 506 462 506 handwriting 0
128 540 508 540 508 790 128 790 handwriting 0
422 642 640 642 640 714 422 714 handwriting 0
520 716 582 716 582 772 520 772 handwriting 0
120 1042 509 1042 509 1559 120 1559 handwriting 0
522 1444 586.0000000000001 1444 586.0000000000001 1516 522 1516 handwriting 0
610 2000 2062 2000 2062 2101 610 2101 handwriting 0
720 2088 1849 2088 1849 2155 720 2155 handwriting 0
768 2170 2018 2170 2018 2261 768 2261 handwriting 0
2062 2336 2186 2336 2186 2746 2062 2746 handwriting 0
2048 2746 2164 2746 2164 2824 2048 2824 handwriting 0
130 2250 626 2250 626 2378 130 2378 handwriting 0
136 2368 433 2368 433 2492 136 2492 handwriting 0
134 1640 518 1640 518 1960.0000000000002 134 1960.0000000000002 handwriting 0
152 1951 487 1951 487 2017 152 2017 handwriting 0
132 2006.0000000000002 558 2006.0000000000002 558 2249 132 2249 handwriting 0
140 2496 532 2496 532 2590 140 2590 handwriting 0
138 2586 585 2586 585 2709 138 2709 handwriting 0
2070 2950 2132 2950 2132 3003 2070 3003 handwriting 0
1471.9999999999998 2924 1826 2924 1826 3029 1471.9999999999998 3029 handwriting 0
130 2684 633 2684 633 2970 130 2970 handwriting 0
135 2952 628 2952 628 3040 135 3040 handwriting 0
128 3016 645.0000000000001 3016 645.0000000000001 3114 128 3114 handwriting 0
662 2974 1108 2974 1108 3061 662 3061 handwriting 0
1120 2948 1462.0000000000002 2948 1462.0000000000002 3080 1120 3080 handwriting 0
1471.9999999999998 3176 2180 3176 2180 3258 1471.9999999999998 3258 handwriting 0
1815.9999999999998 3046 2166 3046 2166 3123 1815.9999999999998 3123 handwriting 0
226 3179 439 3179 439 3297 226 3297 handwriting 0
468 3178 648 3178 648 3314 468 3314 handwriting 0
632 3152 958 3152 958 3264 632 3264 handwriting 0
978 3176 1406 3176 1406 3258 978 3258 handwriting 0
152 3102 372 3102 372 3213 152 3213 handwriting 0
414 3100 794 3100 794 3189 414 3189 handwriting 0
816 3058 938 3058 938 3150 816 3150 handwriting 0
954 3062 1768 3062 1768 3185 954 3185 handwriting 0