47 37 2130 37 2130 523 47 523 handwriting 0
1277 503.00000000000006 2137 503.00000000000006 2137 687 1277 687 handwriting 0
63 503.00000000000006 1113 503.00000000000006 1113 633 63 633 handwriting 0
70 630 730 630 730 867 70 867 handwriting 0
813 693 2147 693 2147 1077 813 1077 handwriting 0
30 1060 1923 1060 1923 1313 30 1313 handwriting 0
17 1360 1230 1360 1230 1500 17 1500 handwriting 0
67 1507 2010 1507 2010 1799.9999999999998 67 1799.9999999999998 handwriting 0
17 1920 2147 1920 2147 2283 17 2283 handwriting 0
53 2327 2117 2327 2117 2947 53 2947 handwriting 0
0 3007 2043 3007 2043 3263 0 3263 handwriting 0
0 3267 1793 3267 1793 3410 0 3410 handwriting 0