1673 620 2057 620 2057 847 1673 847 handwriting 0
1703 1057 2193 1057 2193 1500 1703 1500 handwriting 0
1413 1520 1980 1520 1980 1710 1413 1710 handwriting 0
1473 1967 2193 1967 2193 2663 1473 2663 handwriting 0
27 23 1943 23 1943 490 27 490 handwriting 0
97 540 1403 540 1403 630 97 630 handwriting 0
100 633 1150 633 1150 780 100 780 handwriting 0
1187 673 1587 673 1587 800 1187 800 handwriting 0
60 803 1630 803 1630 1040 60 1040 handwriting 0
80 1043 1620 1043 1620 1223 80 1223 handwriting 0
160 1193 1220 1193 1220 3187 160 3187 handwriting 0