1042 1376 1110 1376 1110 1442 1042 1442 handwriting 0
8 1168 95 1168 95 1258 8 1258 handwriting 0
11 1316 120 1316 120 1406 11 1406 handwriting 0
2008 1106 2142 1106 2142 1171 2008 1171 handwriting 0
2043 2636 2156 2636 2156 2688 2043 2688 handwriting 0
10 2382 132 2382 132 2529 10 2529 handwriting 0
682 2392 918 2392 918 2445 682 2445 handwriting 0
740 2776 904 2776 904 2834 740 2834 handwriting 0
644 2912 768 2912 768 2961 644 2961 handwriting 0
914 2922 989 2922 989 2964 914 2964 handwriting 0
256 2478 296 2478 296 2539 256 2539 handwriting 0
250 2414 298 2414 298 2462 250 2462 handwriting 0
139 3158 2151 3158 2151 3472 139 3472 handwriting 0