1180 116.99999999999999 1700 116.99999999999999 1700 183 1180 183 handwriting 0
660 73 1097 73 1097 193 660 193 handwriting 0
167 557 540 557 540 697 167 697 handwriting 0
260 503.00000000000006 607 503.00000000000006 607 567 260 567 handwriting 0
560 617 653 617 653 697 560 697 handwriting 0
700 577 1337 577 1337 653 700 653 handwriting 0
1407 573 1920 573 1920 637 1407 637 handwriting 0
697 3050 1243 3050 1243 3120 697 3120 handwriting 0
1963 2167 2150 2167 2150 2653 1963 2653 handwriting 0
1970 2703 2157 2703 2157 3133 1970 3133 handwriting 0
0 3057 617 3057 617 3153 0 3153 handwriting 0
7 2767 90 2767 90 2880 7 2880 handwriting 0
3 2877 153 2877 153 3017 3 3017 handwriting 0
3 3003 240 3003 240 3077 3 3077 handwriting 0
1977 3133 2157 3133 2157 3333 1977 3333 handwriting 0
1636.9999999999998 3347 2070 3347 2070 3453 1636.9999999999998 3453 handwriting 0
707 3150 1970 3150 1970 3337 707 3337 handwriting 0
810 3323 1480 3323 1480 3387 810 3387 handwriting 0
7 3180 527 3180 527 3383 7 3383 handwriting 0
3 3370 623 3370 623 3470 3 3470 handwriting 0
637 3390 1470 3390 1470 3463 637 3463 handwriting 0