1249 4168 1395 4168 1395 4483 1249 4483 handwriting 0
402 4073 1213 4073 1213 4715 402 4715 handwriting 0
2313 3722 2745 3722 2745 4013 2313 4013 handwriting 0
2285 3132 2820 3132 2820 3478 2285 3478 handwriting 0
2375 2220 2824 2220 2824 2664 2375 2664 handwriting 0
2284 2213 2373 2213 2373 2551 2284 2551 handwriting 0
2295 1418 2822 1418 2822 2168 2295 2168 handwriting 0
2298 460 2808 460 2808 717 2298 717 handwriting 0
2290 820.0000000000001 2795 820.0000000000001 2795 992 2290 992 handwriting 0
2034 30 2453 30 2453 301 2034 301 handwriting 0
1263 20.000000000000004 1918.0000000000002 20.000000000000004 1918.0000000000002 284 1263 284 handwriting 0