16 1743 95.00000000000001 1743 95.00000000000001 1938 16 1938 handwriting 0
82 69 505 69 505 314 82 314 handwriting 0
520 25 681 25 681 118 520 118 handwriting 0
695 62 977 62 977 268 695 268 handwriting 0
142 305 609 305 609 389 142 389 handwriting 0
625 285 893 285 893 359.00000000000006 625 359.00000000000006 handwriting 0
1068 15 2708 15 2708 311 1068 311 handwriting 0
2303 1188 2750 1188 2750 1334.9999999999998 2303 1334.9999999999998 handwriting 0
2295 1442 2697 1442 2697 1644 2295 1644 handwriting 0
2262 1660 2791 1660 2791 1918 2262 1918 handwriting 0
2253 1948 2804 1948 2804 2120 2253 2120 handwriting 0
2255 2192 2289 2192 2289 2354 2255 2354 handwriting 0
2279 2140 2345 2140 2345 2199 2279 2199 handwriting 0
2303 2265 2809 2265 2809 2414 2303 2414 handwriting 0
2249 2470 2327 2470 2327 2535 2249 2535 handwriting 0
2251 2755 2338 2755 2338 2828 2251 2828 handwriting 0
2310 2415 2804 2415 2804 2522 2310 2522 handwriting 0
2308 2528 2801 2528 2801 2734 2308 2734 handwriting 0
2275 3388 2811 3388 2811 3626 2275 3626 handwriting 0
2279 2783 2727 2783 2727 3120 2279 3120 handwriting 0
1270 4100 2765 4100 2765 4488 1270 4488 handwriting 0
342 4062 810 4062 810 4339 342 4339 handwriting 0
2265 494.99999999999994 2795 494.99999999999994 2795 934 2265 934 handwriting 0