255 1115 521 1115 521 1280.0000000000002 255 1280.0000000000002 handwriting 0
1518 58 2733 58 2733 352 1518 352 handwriting 0
123 7.999999999999999 1114 7.999999999999999 1114 359.00000000000006 123 359.00000000000006 handwriting 0
84 1845 573 1845 573 2244 84 2244 handwriting 0
83 2745 556 2745 556 2972 83 2972 handwriting 0
490 2931 608 2931 608 3028 490 3028 handwriting 0
563 3153 628 3153 628 3197 563 3197 handwriting 0
95.00000000000001 3250 495 3250 495 3492 95.00000000000001 3492 handwriting 0
123 4178 647 4178 647 4341 123 4341 handwriting 0
643 4120 2454 4120 2454 4471 643 4471 handwriting 0
938 2905 1228 2905 1228 2945 938 2945 handwriting 0