0 3023 120 3023 120 3282 0 3282 handwriting 0
200 47.00000000000001 823 47.00000000000001 823 409 200 409 handwriting 0
1240 47.00000000000001 2038.0000000000002 47.00000000000001 2038.0000000000002 350 1240 350 handwriting 0
2187 37 2787 37 2787 174 2187 174 handwriting 0
2300 280 2790 280 2790 558 2300 558 handwriting 0
2283 667 2775 667 2775 880 2283 880 handwriting 0
2297 1307.0000000000002 2785 1307.0000000000002 2785 1439 2297 1439 handwriting 0
2262 1037 2337 1037 2337 1465 2262 1465 handwriting 0
2340 1637 2767 1637 2767 1778 2340 1778 handwriting 0
2310 963 2776 963 2776 1273.0000000000002 2310 1273.0000000000002 handwriting 0
2277 2350 2805 2350 2805 2672 2277 2672 handwriting 0
2247 3127 2300 3127 2300 3385 2247 3385 handwriting 0
2353 3477.0000000000005 2767 3477.0000000000005 2767 3684 2353 3684 handwriting 0
2250 3373 2357 3373 2357 4114 2250 4114 handwriting 0
2313 3700 2803 3700 2803 4279 2313 4279 handwriting 0
2295 3100 2790 3100 2790 3327.0000000000005 2295 3327.0000000000005 handwriting 0
553 4157 1864 4157 1864 4592 553 4592 handwriting 0
1295 2780 1698 2780 1698 2811.0000000000005 1295 2811.0000000000005 handwriting 0