540 998 623 998 623 1073 540 1073 handwriting 0
550 1437 626 1437 626 1641 550 1641 handwriting 0
88 1583 483 1583 483 1838 88 1838 handwriting 0
95.00000000000001 2020 512 2020 512 2230 95.00000000000001 2230 handwriting 0
102.00000000000001 2375 505 2375 505 2526.9999999999995 102.00000000000001 2526.9999999999995 handwriting 0
102.99999999999999 2612 550 2612 550 2832.0000000000005 102.99999999999999 2832.0000000000005 handwriting 0
84 3135 428 3135 428 3426 84 3426 handwriting 0
95.00000000000001 2973 565 2973 565 3112 95.00000000000001 3112 handwriting 0
445 3173 615 3173 615 3407 445 3407 handwriting 0
188 4045 1026 4045 1026 4294 188 4294 handwriting 0
1226 4062 2374 4062 2374 4469 1226 4469 handwriting 0
2402 4110 2719 4110 2719 4376 2402 4376 handwriting 0
315 23 2579 23 2579 221 315 221 handwriting 0