50 20 1347 20 1347 202 50 202 handwriting 0
1170 86 1365 86 1365 1926 1170 1926 handwriting 0
148 1935 1066 1935 1066 2108 148 2108 handwriting 0
247.99999999999997 1425 1227 1425 1227 1528 247.99999999999997 1528 handwriting 0
148 1568 1170 1568 1170 1684 148 1684 handwriting 0
1108 710 1193 710 1193 800 1108 800 handwriting 0
150 824 1216 824 1216 967 150 967 handwriting 0
177 710 1072 710 1072 837 177 837 handwriting 0
285 231 1197 231 1197 356 285 356 handwriting 0
895.0000000000001 367 1143 367 1143 447 895.0000000000001 447 handwriting 0
11.999999999999998 123 207 123 207 2031 11.999999999999998 2031 handwriting 0
1050 1870 1110 1870 1110 1905 1050 1905 handwriting 0
1105 1935 1159 1935 1159 2000 1105 2000 handwriting 0