112 17 1237 17 1237 107 112 107 handwriting 0
335 111 1236 111 1236 189 335 189 handwriting 0
1156 75 1385 75 1385 1993 1156 1993 handwriting 0
805 888 1234 888 1234 1044 805 1044 handwriting 0
1060 1223 1120 1223 1120 1281 1060 1281 handwriting 0
235 380.00000000000006 1258 380.00000000000006 1258 498 235 498 handwriting 0
935 528 1014.9999999999999 528 1014.9999999999999 591 935 591 handwriting 0
8 125 262 125 262 2017 8 2017 handwriting 0
225 518 609 518 609 599 225 599 handwriting 0
327 630 516 630 516 674 327 674 handwriting 0
245 1407 1159 1407 1159 1534 245 1534 handwriting 0
225 1548 479.99999999999994 1548 479.99999999999994 1647 225 1647 handwriting 0
900 1565 1226 1565 1226 1642 900 1642 handwriting 0
163 1935 1134 1935 1134 2055 163 2055 handwriting 0
1043 1105 1095 1105 1095 1149 1043 1149 handwriting 0