750 1386 1049 1386 1049 1482 750 1482 handwriting 0
146 1944 1238 1944 1238 2113 146 2113 handwriting 0
168 1248 1117 1248 1117 1371 168 1371 handwriting 0
170 1374 556 1374 556 1467 170 1467 handwriting 0
983.9999999999999 1194 1047 1194 1047 1264 983.9999999999999 1264 handwriting 0
844.0000000000001 756 1066 756 1066 838 844.0000000000001 838 handwriting 0
52.00000000000001 28 1261 28 1261 203 52.00000000000001 203 handwriting 0
977.9999999999999 188 1230 188 1230 247.99999999999997 977.9999999999999 247.99999999999997 handwriting 0
1012 265 1355 265 1355 1990 1012 1990 handwriting 0
965.9999999999999 390 1127 390 1127 465 965.9999999999999 465 handwriting 0
4 224 181 224 181 2087 4 2087 handwriting 0