65 8 772 8 772 63 65 63 handwriting 0
852 8 952 8 952 187 852 187 handwriting 0
642 183 691.9999999999999 183 691.9999999999999 217 642 217 handwriting 0
409.99999999999994 362 710.0000000000001 362 710.0000000000001 402 409.99999999999994 402 handwriting 0
753 348 885 348 885 402 753 402 handwriting 0
103 955.0000000000001 195 955.0000000000001 195 1122 103 1122 handwriting 0
737 937.9999999999999 1067 937.9999999999999 1067 1105 737 1105 handwriting 0
155 501 303 501 303 535 155 535 handwriting 0
514 439 803 439 803 479 514 479 handwriting 0
208.00000000000003 439 406 439 406 477.99999999999994 208.00000000000003 477.99999999999994 handwriting 0
400 496 524 496 524 523 400 523 handwriting 0