1220 47 1332 47 1332 149 1220 149 handwriting 0
337 370 767 370 767 421 337 421 handwriting 0
932 1063 1207 1063 1207 1161 932 1161 handwriting 0
160 1937 1272 1937 1272 2088 160 2088 handwriting 0
205.99999999999997 1022 504 1022 504 1158 205.99999999999997 1158 handwriting 0
504 1090 918 1090 918 1156 504 1156 handwriting 0
218 926 487 926 487 997 218 997 handwriting 0
516 936 619 936 619 997 516 997 handwriting 0
642 942 1265 942 1265 1016 642 1016 handwriting 0
822.0000000000001 296 1283 296 1283 372 822.0000000000001 372 handwriting 0
274 244 345 244 345 340 274 340 handwriting 0
336 274 775 274 775 346 336 346 handwriting 0
1084 134 1210 134 1210 210 1084 210 handwriting 0
179.99999999999997 9.999999999999998 394 9.999999999999998 394 105 179.99999999999997 105 handwriting 0
410 30 1205 30 1205 116 410 116 handwriting 0
290 132 1076 132 1076 198 290 198 handwriting 0
1250 1908 1285 1908 1285 1944 1250 1944 handwriting 0
47 91 220 91 220 2016 47 2016 handwriting 0
1237 150 1366 150 1366 234 1237 234 handwriting 0
1267 230.00000000000003 1380 230.00000000000003 1380 2029 1267 2029 handwriting 0