178 1606 855 1606 855 1677 178 1677 handwriting 0
750 1733.9999999999998 1098 1733.9999999999998 1098 1798 750 1798 handwriting 0
524 1769.9999999999998 738 1769.9999999999998 738 1801.0000000000002 524 1801.0000000000002 handwriting 0
524 1822 563 1822 563 1857 524 1857 handwriting 0
596 1822 698 1822 698 1852 596 1852 handwriting 0
542 1878.0000000000002 737 1878.0000000000002 737 1913 542 1913 handwriting 0
748 1864.0000000000002 929 1864.0000000000002 929 1905.9999999999998 748 1905.9999999999998 handwriting 0
946 1836 1079 1836 1079 1900.9999999999998 946 1900.9999999999998 handwriting 0
550 1936 650 1936 650 1971 550 1971 handwriting 0
482 1977.9999999999998 537 1977.9999999999998 537 2031.9999999999998 482 2031.9999999999998 handwriting 0
534 1988 745 1988 745 2047 534 2047 handwriting 0
748 1952 1085 1952 1085 2066 748 2066 handwriting 0
1880 1290 2090 1290 2090 1563 1880 1563 handwriting 0
1860 1724.0000000000002 2077 1724.0000000000002 2077 1932.0000000000002 1860 1932.0000000000002 handwriting 0
1874 2478 2068 2478 2068 2803 1874 2803 handwriting 0
1772 174 2089 174 2089 310 1772 310 handwriting 0
1798 278 2100 278 2100 532 1798 532 handwriting 0
1036 454 1106 454 1106 498.99999999999994 1036 498.99999999999994 handwriting 0
798 437.99999999999994 857 437.99999999999994 857 490.99999999999994 798 490.99999999999994 handwriting 0
506 480 707 480 707 535 506 535 handwriting 0
1869 1963.9999999999998 2074 1963.9999999999998 2074 2309 1869 2309 handwriting 0
26 2606 139 2606 139 2689 26 2689 handwriting 0
128 2808 916 2808 916 3066 128 3066 handwriting 0
919.9999999999999 2804 2066 2804 2066 3123 919.9999999999999 3123 handwriting 0