570 997.9999999999999 874 997.9999999999999 874 1039 570 1039 handwriting 0
553 1130 654.0000000000001 1130 654.0000000000001 1263 553 1263 handwriting 0
790 1395 825 1395 825 1421 790 1421 handwriting 0
1006 1175 1119 1175 1119 1328 1006 1328 handwriting 0
224.99999999999997 1420 333 1420 333 1445 224.99999999999997 1445 handwriting 0
10 1300 86 1300 86 1456 10 1456 handwriting 0
0 338 85 338 85 1023 0 1023 handwriting 0
121 631 242 631 242 648 121 648 handwriting 0
167 561 304 561 304 590 167 590 handwriting 0
210 409 333 409 333 509 210 509 handwriting 0
293 519 337 519 337 550 293 550 handwriting 0
467 517 520 517 520 558 467 558 handwriting 0
491 436 537 436 537 466 491 466 handwriting 0
346.99999999999994 676 408 676 408 695 346.99999999999994 695 handwriting 0
153 670 242 670 242 695 153 695 handwriting 0
217.00000000000003 275 297 275 297 326 217.00000000000003 326 handwriting 0
985 304 1137 304 1137 361 985 361 handwriting 0
621 422 762 422 762 460 621 460 handwriting 0