10.000000000000002 161 71 161 71 203 10.000000000000002 203 handwriting 0
354 151 399 151 399 174 354 174 handwriting 0
921 109.00000000000001 1089 109.00000000000001 1089 174 921 174 handwriting 0
856 471.00000000000006 883 471.00000000000006 883 509.99999999999994 856 509.99999999999994 handwriting 0
692 461.00000000000006 711 461.00000000000006 711 484.99999999999994 692 484.99999999999994 handwriting 0
643 496.00000000000006 661 496.00000000000006 661 516 643 516 handwriting 0
676 634 707.0000000000001 634 707.0000000000001 661 676 661 handwriting 0
738 568 752 568 752 597 738 597 handwriting 0
754 382 775 382 775 406 754 406 handwriting 0
536 1116 562 1116 562 1159 536 1159 handwriting 0
611.0000000000001 1017.0000000000001 628 1017.0000000000001 628 1052 611.0000000000001 1052 handwriting 0
618 1357 666 1357 666 1372 618 1372 handwriting 0