100 150 279 150 279 1305 100 1305 handwriting 0
277 154 403 154 403 190 277 190 handwriting 0
359 201 419 201 419 231 359 231 handwriting 0
323 440 430 440 430 484 323 484 handwriting 0
631 390 733 390 733 429 631 429 handwriting 0
342 543 392 543 392 572 342 572 handwriting 0
333 621 397.99999999999994 621 397.99999999999994 647 333 647 handwriting 0
320 694 383.00000000000006 694 383.00000000000006 747 320 747 handwriting 0
320 781 414 781 414 811 320 811 handwriting 0
433 919 481 919 481 948 433 948 handwriting 0
324 1063 374 1063 374 1086 324 1086 handwriting 0
240.99999999999997 1549 462.99999999999994 1549 462.99999999999994 1735 240.99999999999997 1735 handwriting 0
590 1109 661 1109 661 1137 590 1137 handwriting 0
620 1183 732 1183 732 1223 620 1223 handwriting 0
871 1317 924 1317 924 1351 871 1351 handwriting 0
604 599 736.0000000000001 599 736.0000000000001 627 604 627 handwriting 0
619 744 762 744 762 800 619 800 handwriting 0
917 290 1044 290 1044 324 917 324 handwriting 0
916 397 1018.0000000000001 397 1018.0000000000001 427 916 427 handwriting 0
913 474 960 474 960 497.99999999999994 913 497.99999999999994 handwriting 0
895 554 1056 554 1056 635 895 635 handwriting 0
871 871 1039 871 1039 1215 871 1215 handwriting 0
514 1530 1050 1530 1050 1706 514 1706 handwriting 0