106 21 1187 21 1187 121.99999999999999 106 121.99999999999999 handwriting 0
274 189 596 189 596 218 274 218 handwriting 0
669 335 705 335 705 364 669 364 handwriting 0
635 357 747.0000000000001 357 747.0000000000001 383 635 383 handwriting 0
368.00000000000006 375 453 375 453 405 368.00000000000006 405 handwriting 0
678 553 751 553 751 581 678 581 handwriting 0
368.00000000000006 613 485 613 485 655 368.00000000000006 655 handwriting 0
0 494.00000000000006 65 494.00000000000006 65 892 0 892 handwriting 0
210 687 328 687 328 709 210 709 handwriting 0
163 880 293 880 293 918 163 918 handwriting 0
189 980 329 980 329 1029 189 1029 handwriting 0
0 1188 20 1188 20 1564 0 1564 handwriting 0
988 1239 1191 1239 1191 1510 988 1510 handwriting 0
992 963.9999999999999 1190 963.9999999999999 1190 1067 992 1067 handwriting 0
796 1066 905 1066 905 1106 796 1106 handwriting 0
828 952.9999999999999 917 952.9999999999999 917 989.0000000000001 828 989.0000000000001 handwriting 0
712 1122 810.9999999999999 1122 810.9999999999999 1149 712 1149 handwriting 0
753 1218 908.9999999999999 1218 908.9999999999999 1251 753 1251 handwriting 0
620 1266 718 1266 718 1291 620 1291 handwriting 0
685 1320 784 1320 784 1363 685 1363 handwriting 0
710 1362 866.0000000000001 1362 866.0000000000001 1400 710 1400 handwriting 0
568 1392 843 1392 843 1519 568 1519 handwriting 0
592 641 841 641 841 776 592 776 handwriting 0
981 533 1187 533 1187 762 981 762 handwriting 0
148 1588 993 1588 993 1754 148 1754 handwriting 0