1129 557 1191 557 1191 685 1129 685 handwriting 0
854 469 1080 469 1080 500.00000000000006 854 500.00000000000006 handwriting 0
854 513 938 513 938 547 854 547 handwriting 0
993 495.99999999999994 1050 495.99999999999994 1050 520 993 520 handwriting 0
839 846 1033 846 1033 878 839 878 handwriting 0
734.0000000000001 1390 853.0000000000001 1390 853.0000000000001 1420 734.0000000000001 1420 handwriting 0
867 1361 947 1361 947 1387 867 1387 handwriting 0
733 1481 865 1481 865 1510 733 1510 handwriting 0
970 1481 1100 1481 1100 1508 970 1508 handwriting 0
319 1354 421 1354 421 1379 319 1379 handwriting 0
560 1351 660 1351 660 1376 560 1376 handwriting 0
1116 1397 1190 1397 1190 1603 1116 1603 handwriting 0
647 1563 1114 1563 1114 1761 647 1761 handwriting 0
69 1187 244 1187 244 1238 69 1238 handwriting 0
64 544 253.99999999999997 544 253.99999999999997 670 64 670 handwriting 0
465.99999999999994 483 667 483 667 509.00000000000006 465.99999999999994 509.00000000000006 handwriting 0
463 570 658.9999999999999 570 658.9999999999999 601 463 601 handwriting 0
724 250.00000000000003 832 250.00000000000003 832 289 724 289 handwriting 0
821 279 923 279 923 308 821 308 handwriting 0
731 351 845 351 845 383 731 383 handwriting 0
926 247 1096 247 1096 284 926 284 handwriting 0