936 337 1095 337 1095 397 936 397 handwriting 0
934 594 1098 594 1098 764 934 764 handwriting 0
751 647 901 647 901 761 751 761 handwriting 0
747 340 900 340 900 455 747 455 handwriting 0
709 0 1093 0 1093 151 709 151 handwriting 0
104 13 678 13 678 86 104 86 handwriting 0
136 141 244 141 244 231 136 231 handwriting 0
154 357 329 357 329 626 154 626 handwriting 0
187 656 344.99999999999994 656 344.99999999999994 795 187 795 handwriting 0
569 316 603 316 603 340 569 340 handwriting 0
481 384 596 384 596 440 481 440 handwriting 0
456 500.00000000000006 614 500.00000000000006 614 598 456 598 handwriting 0
463 681 590 681 590 793 463 793 handwriting 0
229 891 419 891 419 928 229 928 handwriting 0
146 957 276 957 276 991 146 991 handwriting 0
203 1014.0000000000001 320 1014.0000000000001 320 1077 203 1077 handwriting 0
759 1019 903 1019 903 1064 759 1064 handwriting 0
936 984 1096 984 1096 1245 936 1245 handwriting 0
464 803 617 803 617 918 464 918 handwriting 0
466 927.0000000000001 615 927.0000000000001 615 1153 466 1153 handwriting 0
484 1253 623 1253 623 1371 484 1371 handwriting 0
366 1363 550 1363 550 1385 366 1385 handwriting 0
234 1314 358 1314 358 1353 234 1353 handwriting 0
754 1403 903 1403 903 1448 754 1448 handwriting 0
941 1374 1099 1374 1099 1525 941 1525 handwriting 0
453 1473 504 1473 504 1495 453 1495 handwriting 0
56 1516 372 1516 372 1623 56 1623 handwriting 0
370 1523 1045 1523 1045 1767 370 1767 handwriting 0