979 1300 1166 1300 1166 1462 979 1462 handwriting 0
687 1359 759 1359 759 1386 687 1386 handwriting 0
91 1570 561 1570 561 1812 91 1812 handwriting 0
656 1446 762 1446 762 1489 656 1489 handwriting 0
247 1280 334.00000000000006 1280 334.00000000000006 1310 247 1310 handwriting 0
137 1090 232.99999999999997 1090 232.99999999999997 1118 137 1118 handwriting 0
379 1090 468 1090 468 1115 379 1115 handwriting 0
557 1119 666 1119 666 1149 557 1149 handwriting 0
690.0000000000001 1000.9999999999999 773 1000.9999999999999 773 1055 690.0000000000001 1055 handwriting 0
657 927 768 927 768 986 657 986 handwriting 0
234 1046 329 1046 329 1073 234 1073 handwriting 0
251 899 335.99999999999994 899 335.99999999999994 923 251 923 handwriting 0
256 853 357 853 357 882 256 882 handwriting 0
129 826 245 826 245 860 129 860 handwriting 0
19 967 103 967 103 1175 19 1175 handwriting 0
0 1393 28 1393 28 1595 0 1595 handwriting 0
981.0000000000001 650 1182 650 1182 1067 981.0000000000001 1067 handwriting 0
253 783 332 783 332 805 253 805 handwriting 0
129 760 238 760 238 787 129 787 handwriting 0
266 729 504 729 504 779 266 779 handwriting 0
509 697 555 697 555 768 509 768 handwriting 0
557 623 637.0000000000001 623 637.0000000000001 648 557 648 handwriting 0
991 396 1174 396 1174 559 991 559 handwriting 0
804 436 921 436 921 493 804 493 handwriting 0
641 479 774 479 774 535 641 535 handwriting 0
560 454 657 454 657 494 560 494 handwriting 0
686 416 768.9999999999999 416 768.9999999999999 443 686 443 handwriting 0
566 317 663 317 663 342 566 342 handwriting 0
0 554 29.000000000000004 554 29.000000000000004 674 0 674 handwriting 0
23 21 1179 21 1179 303 23 303 handwriting 0