144 977.0000000000001 1183 977.0000000000001 1183 1764 144 1764 handwriting 0
840 922.9999999999999 1165 922.9999999999999 1165 994.0000000000001 840 994.0000000000001 handwriting 0
557 917 728 917 728 981.0000000000001 557 981.0000000000001 handwriting 0
141 669 279 669 279 889 141 889 handwriting 0
407 847 461 847 461 870 407 870 handwriting 0
283 913 426 913 426 964.0000000000001 283 964.0000000000001 handwriting 0
641 530 801 530 801 676 641 676 handwriting 0
650 401 798 401 798 469 650 469 handwriting 0
933 433 1051 433 1051 467.99999999999994 933 467.99999999999994 handwriting 0
926 583 1080 583 1080 834 926 834 handwriting 0
934 233.99999999999997 985 233.99999999999997 985 260 934 260 handwriting 0
130 181 293 181 293 339 130 339 handwriting 0
223 52 1183 52 1183 204 223 204 handwriting 0