39 1595 1189 1595 1189 1842 39 1842 handwriting 0
994 1285 1138 1285 1138 1333 994 1333 handwriting 0
995 1155 1140 1155 1140 1200 995 1200 handwriting 0
12.000000000000002 1344 92.00000000000001 1344 92.00000000000001 1562 12.000000000000002 1562 handwriting 0
195 879 323.99999999999994 879 323.99999999999994 989.0000000000001 195 989.0000000000001 handwriting 0
229 780 339.99999999999994 780 339.99999999999994 830 229 830 handwriting 0
17 866 90 866 90 1015 17 1015 handwriting 0
237 286 333 286 333 308 237 308 handwriting 0
239 539 328 539 328 559 239 559 handwriting 0
225 583 333 583 333 649 225 649 handwriting 0
215 656 343 656 343 724 215 724 handwriting 0
18 616 83 616 83 680 18 680 handwriting 0
646 890 731 890 731 922 646 922 handwriting 0
660 794 765 794 765 843 660 843 handwriting 0
998 769 1161 769 1161 817 998 817 handwriting 0
652 326 750 326 750 365 652 365 handwriting 0
634 454 697 454 697 490.99999999999994 634 490.99999999999994 handwriting 0
638.0000000000001 515 763 515 763 584 638.0000000000001 584 handwriting 0