591 43 1174 43 1174 149 591 149 handwriting 0
126 164 266 164 266 231 126 231 handwriting 0
266 153 380 153 380 182 266 182 handwriting 0
619.9999999999999 211 770 211 770 301 619.9999999999999 301 handwriting 0
523 339 613 339 613 359 523 359 handwriting 0
627 327 805 327 805 467 627 467 handwriting 0
129 283 258 283 258 380 129 380 handwriting 0
884 567 955 567 955 609 884 609 handwriting 0
894 400 922 400 922 425 894 425 handwriting 0
886 737 1004 737 1004 811 886 811 handwriting 0
1084 869 1115 869 1115 891 1084 891 handwriting 0
907 863 1004 863 1004 922.9999999999999 907 922.9999999999999 handwriting 0
115.99999999999999 656 259 656 259 1177 115.99999999999999 1177 handwriting 0
1079 1059 1160 1059 1160 1125 1079 1125 handwriting 0
333 633 461 633 461 716 333 716 handwriting 0
611.0000000000001 637 713 637 713 674 611.0000000000001 674 handwriting 0
629 499.00000000000006 809 499.00000000000006 809 608 629 608 handwriting 0
599 843 694 843 694 878 599 878 handwriting 0
324 791 473 791 473 897 324 897 handwriting 0
623 956.9999999999999 734 956.9999999999999 734 1011.0000000000001 623 1011.0000000000001 handwriting 0
333 937 433 937 433 976 333 976 handwriting 0
344.00000000000006 1023.0000000000001 468 1023.0000000000001 468 1062 344.00000000000006 1062 handwriting 0
792.9999999999999 1006.9999999999999 1033 1006.9999999999999 1033 1058 792.9999999999999 1058 handwriting 0
794.0000000000001 1104 868 1104 868 1118 794.0000000000001 1118 handwriting 0
874 1061 1047 1061 1047 1216 874 1216 handwriting 0
866 1276 1019 1276 1019 1360 866 1360 handwriting 0
593 1217 722 1217 722 1248 593 1248 handwriting 0
316 1139 448 1139 448 1253 316 1253 handwriting 0
629 1057 732 1057 732 1082 629 1082 handwriting 0
539 1084 777 1084 777 1116 539 1116 handwriting 0
637 1130 751 1130 751 1159 637 1159 handwriting 0
630.0000000000001 1457 771 1457 771 1503 630.0000000000001 1503 handwriting 0
300 1367 402 1367 402 1396 300 1396 handwriting 0
115.99999999999999 1431 243 1431 243 1494 115.99999999999999 1494 handwriting 0
243 1527 975 1527 975 1702 243 1702 handwriting 0
977 1610 1073 1610 1073 1635 977 1635 handwriting 0