107 1544 1055 1544 1055 1761 107 1761 handwriting 0
898.9999999999999 1353 1070 1353 1070 1498 898.9999999999999 1498 handwriting 0
896 889 1057 889 1057 1325 896 1325 handwriting 0
1100 1030 1144 1030 1144 1056 1100 1056 handwriting 0
909.0000000000001 490 1072 490 1072 785 909.0000000000001 785 handwriting 0
904 213 1068 213 1068 406 904 406 handwriting 0
871.0000000000001 450 1045 450 1045 484 871.0000000000001 484 handwriting 0
824 41 1173 41 1173 192 824 192 handwriting 0
654 180 747 180 747 215 654 215 handwriting 0
621 505.99999999999994 751 505.99999999999994 751 553 621 553 handwriting 0
344.00000000000006 490 497 490 497 551 344.00000000000006 551 handwriting 0
350 611 467 611 467 643 350 643 handwriting 0
610 673 729 673 729 709 610 709 handwriting 0
674 567 703 567 703 614 674 614 handwriting 0
543 603 637 603 637 630 543 630 handwriting 0
109 611 270 611 270 1554 109 1554 handwriting 0
317 851 493.00000000000006 851 493.00000000000006 960.9999999999999 317 960.9999999999999 handwriting 0
343 1001 470 1001 470 1038 343 1038 handwriting 0
546 1019.0000000000001 711 1019.0000000000001 711 1051 546 1051 handwriting 0
616 1061 771 1061 771 1219 616 1219 handwriting 0
599 1257 762 1257 762 1350 599 1350 handwriting 0
616 1371 769 1371 769 1547 616 1547 handwriting 0
534 827 728 827 728 883 534 883 handwriting 0
619.9999999999999 770 722 770 722 801 619.9999999999999 801 handwriting 0