912 243 1090 243 1090 1509 912 1509 handwriting 0
0 12 1010 12 1010 118 0 118 handwriting 0
23 294 627 294 627 337 23 337 handwriting 0
489 349 633 349 633 511.00000000000006 489 511.00000000000006 handwriting 0
201 376 275 376 275 395 201 395 handwriting 0
5.000000000000001 398 481 398 481 428 5.000000000000001 428 handwriting 0
296 434 490 434 490 453.99999999999994 296 453.99999999999994 handwriting 0
0 448.00000000000006 67 448.00000000000006 67 467.00000000000006 0 467.00000000000006 handwriting 0
3 525 56 525 56 561 3 561 handwriting 0
306 551 397 551 397 569 306 569 handwriting 0
513 586 619 586 619 713 513 713 handwriting 0
439 669 512 669 512 693 439 693 handwriting 0
201 665 326 665 326 685 201 685 handwriting 0
0 748 461.00000000000006 748 461.00000000000006 778 0 778 handwriting 0