65 0 1003 0 1003 157 65 157 handwriting 0
864 209 1081 209 1081 379 864 379 handwriting 0
714 367 997 367 997 441 714 441 handwriting 0
302.99999999999994 409 730 409 730 455 302.99999999999994 455 handwriting 0
781 514 1058 514 1058 645 781 645 handwriting 0
355 630 859 630 859 678 355 678 handwriting 0
91 571 293 571 293 766 91 766 handwriting 0
733 712 1023 712 1023 873 733 873 handwriting 0
561 1158 917 1158 917 1219 561 1219 handwriting 0
201 982.9999999999999 777 982.9999999999999 777 1085 201 1085 handwriting 0
459 1274 709 1274 709 1331 459 1331 handwriting 0
179 1336 461 1336 461 1400 179 1400 handwriting 0
718 1303 1017 1303 1017 1415 718 1415 handwriting 0
414 1384 1089 1384 1089 1619 414 1619 handwriting 0