875 679 995 679 995 815 875 815 handwriting 0
871 464 1019 464 1019 551 871 551 handwriting 0
955 411 971 411 971 438.00000000000006 955 438.00000000000006 handwriting 0
465 311 563 311 563 362 465 362 handwriting 0
456 444 582 444 582 721 456 721 handwriting 0
180 794 270 794 270 816 180 816 handwriting 0
143 761 235 761 235 782 143 782 handwriting 0
0 720 31 720 31 741 0 741 handwriting 0
46 678 111 678 111 695 46 695 handwriting 0
168 338 429 338 429 354 168 354 handwriting 0
86 299 166 299 166 320 86 320 handwriting 0