308.00000000000006 1140 344 1140 344 1168 308.00000000000006 1168 handwriting 0
206 1141 268 1141 268 1179 206 1179 handwriting 0
613 1187 749 1187 749 1219 613 1219 handwriting 0
192.00000000000003 475.99999999999994 327 475.99999999999994 327 503.00000000000006 192.00000000000003 503.00000000000006 handwriting 0
689 621 770 621 770 652 689 652 handwriting 0
652 708 786 708 786 873 652 873 handwriting 0
656 1362 779.0000000000001 1362 779.0000000000001 1407 656 1407 handwriting 0
227 313 338 313 338 354 227 354 handwriting 0
502 34 1189 34 1189 165 502 165 handwriting 0
992 334 1189 334 1189 1035 992 1035 handwriting 0
0 492 91 492 91 1730 0 1730 handwriting 0