0 23 1176 23 1176 265 0 265 handwriting 0
990 456 1148 456 1148 549 990 549 handwriting 0
651 507 786 507 786 536 651 536 handwriting 0
813 411 829 411 829 443 813 443 handwriting 0
223 860 292 860 292 891 223 891 handwriting 0
996 630 1185 630 1185 724 996 724 handwriting 0
656 651 777.9999999999999 651 777.9999999999999 686 656 686 handwriting 0
624 937.0000000000001 756 937.0000000000001 756 969 624 969 handwriting 0
623 1059 782 1059 782 1090 623 1090 handwriting 0
859 1143 932 1143 932 1173 859 1173 handwriting 0
673 1485 777.9999999999999 1485 777.9999999999999 1516 673 1516 handwriting 0
670 1227 784 1227 784 1260 670 1260 handwriting 0
235 1031 343 1031 343 1055 235 1055 handwriting 0
226 1323 340 1323 340 1353 226 1353 handwriting 0
196 1437 341 1437 341 1476 196 1476 handwriting 0
997 982.0000000000001 1189 982.0000000000001 1189 1472 997 1472 handwriting 0
870 1493 1190 1493 1190 1806 870 1806 handwriting 0
153 1578 850 1578 850 1766 153 1766 handwriting 0
0 712 106 712 106 1736 0 1736 handwriting 0
0 419 29.000000000000004 419 29.000000000000004 475 0 475 handwriting 0