640 1588 1173 1588 1173 1820 640 1820 handwriting 0
1146 395 1206 395 1206 1547 1146 1547 handwriting 0
979 1426 1026 1426 1026 1455 979 1455 handwriting 0
692.0000000000001 1249 714 1249 714 1273 692.0000000000001 1273 handwriting 0
379 1170 519 1170 519 1208 379 1208 handwriting 0
432 982.0000000000001 530 982.0000000000001 530 1012.9999999999999 432 1012.9999999999999 handwriting 0
323 324 424 324 424 361 323 361 handwriting 0
559 318 656 318 656 350 559 350 handwriting 0
58.00000000000001 1246 260 1246 260 1362 58.00000000000001 1362 handwriting 0
109 1488 238 1488 238 1539 109 1539 handwriting 0
58.00000000000001 435 268 435 268 883 58.00000000000001 883 handwriting 0