512 698 530 698 530 736 512 736 handwriting 0
378 720 417.00000000000006 720 417.00000000000006 754 378 754 handwriting 0
682 659 775 659 775 688 682 688 handwriting 0
607 714 753 714 753 737 607 737 handwriting 0
658.9999999999999 1094 761 1094 761 1130 658.9999999999999 1130 handwriting 0
995.9999999999999 1391 1187 1391 1187 1625 995.9999999999999 1625 handwriting 0
1002 888 1180 888 1180 972 1002 972 handwriting 0
1005 699 1167 699 1167 753 1005 753 handwriting 0
1003 568 1170 568 1170 614 1003 614 handwriting 0
17 646 71 646 71 755 17 755 handwriting 0
10 1509 77.00000000000001 1509 77.00000000000001 1565 10 1565 handwriting 0
97 28 1180 28 1180 130 97 130 handwriting 0