749 689 891 689 891 844 749 844 handwriting 0
926 648 1041 648 1041 675 926 675 handwriting 0
482 622 569 622 569 651 482 651 handwriting 0
463 897.9999999999999 509 897.9999999999999 509 918.9999999999999 463 918.9999999999999 handwriting 0
433 939.9999999999999 568 939.9999999999999 568 970.9999999999999 433 970.9999999999999 handwriting 0
663 16 836.9999999999999 16 836.9999999999999 52 663 52 handwriting 0
739 262 864 262 864 311 739 311 handwriting 0
476 191 594 191 594 263 476 263 handwriting 0
447 310 587 310 587 387 447 387 handwriting 0
380 136 595 136 595 165 380 165 handwriting 0
946 153 1080 153 1080 207 946 207 handwriting 0
159 289 234 289 234 308 159 308 handwriting 0
4 178 97 178 97 258 4 258 handwriting 0
202 342 315 342 315 453.00000000000006 202 453.00000000000006 handwriting 0
140 614 183 614 183 634 140 634 handwriting 0
196.00000000000003 640 318 640 318 678 196.00000000000003 678 handwriting 0
9 911 101 911 101 969 9 969 handwriting 0
130 1167 329 1167 329 1211 130 1211 handwriting 0
198 1339 322.00000000000006 1339 322.00000000000006 1423 198 1423 handwriting 0
172 1478 222 1478 222 1498 172 1498 handwriting 0
449 1038 655 1038 655 1248 449 1248 handwriting 0
470 1329 606 1329 606 1494 470 1494 handwriting 0
359 1414 475 1414 475 1466 359 1466 handwriting 0
84 1544 334 1544 334 1610 84 1610 handwriting 0
382 1501 632 1501 632 1617 382 1617 handwriting 0
642 1516 1107 1516 1107 1769 642 1769 handwriting 0
929 990 1095 990 1095 1548 929 1548 handwriting 0
747 1338 875.9999999999999 1338 875.9999999999999 1375 747 1375 handwriting 0
749 1414 868 1414 868 1444 749 1444 handwriting 0