924 506 1075 506 1075 849 924 849 handwriting 0
723 393 778 393 778 417 723 417 handwriting 0
445.99999999999994 221 579 221 579 292 445.99999999999994 292 handwriting 0
440 389 593 389 593 462 440 462 handwriting 0
727 798 821 798 821 832 727 832 handwriting 0
443 808 544 808 544 828 443 828 handwriting 0
484 840 582.0000000000001 840 582.0000000000001 884 484 884 handwriting 0
699 648 877 648 877 735 699 735 handwriting 0
733 1080 788 1080 788 1101 733 1101 handwriting 0
450 1005 602 1005 602 1197 450 1197 handwriting 0
923 1166 1078 1166 1078 1326 923 1326 handwriting 0
460 1334 601 1334 601 1455 460 1455 handwriting 0
84 1537 891 1537 891 1694 84 1694 handwriting 0
175 1299 238 1299 238 1357 175 1357 handwriting 0
210 1224 266 1224 266 1255 210 1255 handwriting 0
165.00000000000003 1108 309 1108 309 1161 165.00000000000003 1161 handwriting 0
450 1504 489 1504 489 1531 450 1531 handwriting 0
160 894.9999999999999 307 894.9999999999999 307 1037 160 1037 handwriting 0
168 650 321 650 321 791 168 791 handwriting 0
146 394 288 394 288 438 146 438 handwriting 0
174 455.99999999999994 298 455.99999999999994 298 588 174 588 handwriting 0
180 284 292 284 292 319 180 319 handwriting 0
80 224 175 224 175 260 80 260 handwriting 0
151 183 303 183 303 243.00000000000003 151 243.00000000000003 handwriting 0
78 107 273 107 273 163 78 163 handwriting 0