334 659 568 659 568 682 334 682 handwriting 0
440 679 562 679 562 811 440 811 handwriting 0
432 510 557 510 557 566 432 566 handwriting 0
512 447 565 447 565 481 512 481 handwriting 0
462 388 507 388 507 415 462 415 handwriting 0
179 524 248 524 248 543 179 543 handwriting 0
154 496.00000000000006 202 496.00000000000006 202 513 154 513 handwriting 0
0 672 34 672 34 695 0 695 handwriting 0
49 263 192 263 192 291 49 291 handwriting 0
821 1141 985 1141 985 1211 821 1211 handwriting 0
824 654 970 654 970 734 824 734 handwriting 0
830 456 1002 456 1002 540 830 540 handwriting 0