372 733 532 733 532 787 372 787 handwriting 0
394 971.9999999999999 525 971.9999999999999 525 1022 394 1022 handwriting 0
657 1051 687 1051 687 1098 657 1098 handwriting 0
58 976.9999999999999 234 976.9999999999999 234 1202 58 1202 handwriting 0
312 1388 378 1388 378 1414 312 1414 handwriting 0
617 1392 675 1392 675 1416 617 1416 handwriting 0
810 1186 937 1186 937 1213 810 1213 handwriting 0
856 1140 950 1140 950 1166 856 1166 handwriting 0
1150 967.0000000000001 1195 967.0000000000001 1195 1011.0000000000001 1150 1011.0000000000001 handwriting 0
1085 1318 1113 1318 1113 1392 1085 1392 handwriting 0
1143 1191 1199 1191 1199 1557 1143 1557 handwriting 0
824 1334 951 1334 951 1407 824 1407 handwriting 0
802 1428 957 1428 957 1486 802 1486 handwriting 0
796.9999999999999 1503 938 1503 938 1533 796.9999999999999 1533 handwriting 0
1150 502 1198 502 1198 777 1150 777 handwriting 0
581 329 664 329 664 349 581 349 handwriting 0
49 1560 1191 1560 1191 1814 49 1814 handwriting 0