822.9999999999999 772 1024 772 1024 805 822.9999999999999 805 handwriting 0
1130 569 1196 569 1196 857 1130 857 handwriting 0
798 1204 932 1204 932 1229 798 1229 handwriting 0
781 1303 916 1303 916 1329 781 1329 handwriting 0
1124 1090 1206 1090 1206 1366 1124 1366 handwriting 0
1124 1462 1206 1462 1206 1595 1124 1595 handwriting 0
40 1319 234 1319 234 1579 40 1579 handwriting 0
44 606 242 606 242 1012.9999999999999 44 1012.9999999999999 handwriting 0
1039 43 1199 43 1199 177 1039 177 handwriting 0
52 132 356 132 356 298 52 298 handwriting 0
57 33 1053 33 1053 134 57 134 handwriting 0
51 1589 1206 1589 1206 1811 51 1811 handwriting 0