661.9999999999999 795 709.9999999999999 795 709.9999999999999 1097 661.9999999999999 1097 handwriting 0
393 1364 491 1364 491 1417 393 1417 handwriting 0
401 1457 498 1457 498 1496 401 1496 handwriting 0
1018.9999999999999 1234 1078 1234 1078 1261 1018.9999999999999 1261 handwriting 0
827 744 935 744 935 823 827 823 handwriting 0
801 839 927 839 927 866 801 866 handwriting 0
751 889 917 889 917 917 751 917 handwriting 0
810 646 930 646 930 694 810 694 handwriting 0
990 575 1082 575 1082 606 990 606 handwriting 0
576 448 717.9999999999999 448 717.9999999999999 498 576 498 handwriting 0
663 494.99999999999994 720 494.99999999999994 720 689 663 689 handwriting 0
669 260 715 260 715 406 669 406 handwriting 0
725.0000000000001 251 984 251 984 263 725.0000000000001 263 handwriting 0
736 278 956 278 956 301 736 301 handwriting 0
1183 344 1213 344 1213 424 1183 424 handwriting 0
1119 452 1186 452 1186 976.9999999999999 1119 976.9999999999999 handwriting 0
1188 936 1213 936 1213 1025 1188 1025 handwriting 0
1189 1305 1213 1305 1213 1454 1189 1454 handwriting 0
128 1579 1166 1579 1166 1746 128 1746 handwriting 0
36 539 228.99999999999997 539 228.99999999999997 840 36 840 handwriting 0
39 954.9999999999999 206 954.9999999999999 206 1160 39 1160 handwriting 0
44 1294 191 1294 191 1341 44 1341 handwriting 0
39 1386 224 1386 224 1673 39 1673 handwriting 0
35 58 357 58 357 229 35 229 handwriting 0
306 29 1185 29 1185 111 306 111 handwriting 0