596 43 1140 43 1140 144 596 144 handwriting 0
144 129 374 129 374 202 144 202 handwriting 0
136 380 219.00000000000003 380 219.00000000000003 417 136 417 handwriting 0
633 353 668 353 668 368 633 368 handwriting 0
625 511.00000000000006 705.9999999999999 511.00000000000006 705.9999999999999 543 625 543 handwriting 0
641 597 762 597 762 630 641 630 handwriting 0
117 483 284 483 284 821 117 821 handwriting 0
349 559 486 559 486 683 349 683 handwriting 0
331 699 480 699 480 751 331 751 handwriting 0
344 1000.0000000000001 437 1000.0000000000001 437 1033 344 1033 handwriting 0
343 1200 452 1200 452 1231 343 1231 handwriting 0
327 871 463 871 463 903 327 903 handwriting 0
120 997.0000000000001 248 997.0000000000001 248 1201 120 1201 handwriting 0
637 724 781 724 781 792 637 792 handwriting 0
1079 928.9999999999999 1160 928.9999999999999 1160 964.9999999999999 1079 964.9999999999999 handwriting 0
903 837 1047 837 1047 1033 903 1033 handwriting 0
869 1064 1061 1064 1061 1231 869 1231 handwriting 0
813 1421 911.0000000000001 1421 911.0000000000001 1447 813 1447 handwriting 0
849.0000000000001 1296 936 1296 936 1316 849.0000000000001 1316 handwriting 0
336 1340 472.99999999999994 1340 472.99999999999994 1372 336 1372 handwriting 0
584 1450 654 1450 654 1497 584 1497 handwriting 0
550 1390 636 1390 636 1412 550 1412 handwriting 0
611 999 792 999 792 1199 611 1199 handwriting 0
519 1197 775 1197 775 1254 519 1254 handwriting 0
627 1256 773 1256 773 1364 627 1364 handwriting 0
794 1547 1083 1547 1083 1647 794 1647 handwriting 0
311 1543 760.0000000000001 1543 760.0000000000001 1669 311 1669 handwriting 0