67 0 684 0 684 93 67 93 handwriting 0
159 170 322.00000000000006 170 322.00000000000006 233 159 233 handwriting 0
440 186 562 186 562 330 440 330 handwriting 0
441 427 586 427 586 650 441 650 handwriting 0
209 495.99999999999994 324 495.99999999999994 324 698 209 698 handwriting 0
137 680 174 680 174 701 137 701 handwriting 0
749 514 796 514 796 539 749 539 handwriting 0
741 743 802 743 802 767 741 767 handwriting 0
929 639 1080 639 1080 767 929 767 handwriting 0
920 136 1103 136 1103 441 920 441 handwriting 0
456 874 482 874 482 900 456 900 handwriting 0
753 791 891.9999999999999 791 891.9999999999999 846 753 846 handwriting 0
721 910 896 910 896 972.0000000000001 721 972.0000000000001 handwriting 0
931.0000000000001 1024 1100 1024 1100 1127 931.0000000000001 1127 handwriting 0
730 1012.9999999999999 800 1012.9999999999999 800 1035 730 1035 handwriting 0
429 970 592 970 592 1026 429 1026 handwriting 0
524 1087 591 1087 591 1108 524 1108 handwriting 0
781 1194 811 1194 811 1237 781 1237 handwriting 0
941 1261 1056 1261 1056 1294 941 1294 handwriting 0
764 1270 881 1270 881 1338 764 1338 handwriting 0
516 1197 555 1197 555 1229 516 1229 handwriting 0
160 826 323 826 323 1018 160 1018 handwriting 0
143 1044 195 1044 195 1070 143 1070 handwriting 0
174 1223 313.99999999999994 1223 313.99999999999994 1282 174 1282 handwriting 0
430 1321 660.0000000000001 1321 660.0000000000001 1377 430 1377 handwriting 0
936 1374 1095 1374 1095 1544 936 1544 handwriting 0
743 1420 896 1420 896 1526 743 1526 handwriting 0
839 1556 1010 1556 1010 1587 839 1587 handwriting 0
141 1526 805 1526 805 1635 141 1635 handwriting 0