258 173 336 173 336 215.00000000000003 258 215.00000000000003 handwriting 0
670 217 747.9999999999999 217 747.9999999999999 235.00000000000003 670 235.00000000000003 handwriting 0
543 336 556 336 556 355 543 355 handwriting 0
520 547 534 547 534 564 520 564 handwriting 0
717 596 746 596 746 610 717 610 handwriting 0
607 314 621 314 621 328 607 328 handwriting 0
952 322 970.0000000000001 322 970.0000000000001 376 952 376 handwriting 0
944 268 966 268 966 291 944 291 handwriting 0
877 343 893.9999999999999 343 893.9999999999999 372 877 372 handwriting 0
844 408 862 408 862 427 844 427 handwriting 0
958 607 966 607 966 635 958 635 handwriting 0
934.0000000000001 533 949 533 949 551 934.0000000000001 551 handwriting 0
928 374 949 374 949 408.99999999999994 928 408.99999999999994 handwriting 0
568 708 579 708 579 726 568 726 handwriting 0
931.9999999999999 690 945 690 945 706 931.9999999999999 706 handwriting 0
998 760 1010 760 1010 778 998 778 handwriting 0
497 779 567 779 567 797 497 797 handwriting 0
404 1038 421 1038 421 1056 404 1056 handwriting 0
651 1066 665 1066 665 1079 651 1079 handwriting 0
584 1132 595 1132 595 1147 584 1147 handwriting 0
529 1084 551 1084 551 1101 529 1101 handwriting 0
478 1131 529 1131 529 1148 478 1148 handwriting 0
632 1249 706 1249 706 1267 632 1267 handwriting 0
471 1270 483 1270 483 1292 471 1292 handwriting 0
424 1297 500 1297 500 1313 424 1313 handwriting 0
681 1319 759 1319 759 1339 681 1339 handwriting 0
394.00000000000006 1318 471 1318 471 1338 394.00000000000006 1338 handwriting 0
201 552 344 552 344 1321 201 1321 handwriting 0
807 1161 849 1161 849 1198 807 1198 handwriting 0
904 1254 922 1254 922 1290 904 1290 handwriting 0
914 1176 928 1176 928 1232 914 1232 handwriting 0
893 1156 907 1156 907 1173 893 1173 handwriting 0
890 1120 909 1120 909 1138 890 1138 handwriting 0
953 1142 1008 1142 1008 1196 953 1196 handwriting 0
913 1016 939 1016 939 1077 913 1077 handwriting 0
991 956 1009 956 1009 988 991 988 handwriting 0
914 890 931.9999999999999 890 931.9999999999999 976 914 976 handwriting 0
891 903 905 903 905 922 891 922 handwriting 0
823.0000000000001 944 849 944 849 980.0000000000001 823.0000000000001 980.0000000000001 handwriting 0
903 824 924 824 924 849 903 849 handwriting 0
674 710 692 710 692 727 674 727 handwriting 0