109.99999999999999 563 262 563 262 955 109.99999999999999 955 handwriting 0
338 571 470 571 470 654 338 654 handwriting 0
320.00000000000006 1165 482.99999999999994 1165 482.99999999999994 1206 320.00000000000006 1206 handwriting 0
101 1308 261 1308 261 1524 101 1524 handwriting 0
348 1317 487 1317 487 1470 348 1470 handwriting 0
594 1139 682 1139 682 1181 594 1181 handwriting 0
898 1049 1039 1049 1039 1112 898 1112 handwriting 0
905 1249 958 1249 958 1305 905 1305 handwriting 0
603 667 762 667 762 1047 603 1047 handwriting 0
879 770 927 770 927 792 879 792 handwriting 0
883 601 1015.0000000000001 601 1015.0000000000001 635 883 635 handwriting 0
111 246 257 246 257 285 111 285 handwriting 0
139 30.000000000000004 482.99999999999994 30.000000000000004 482.99999999999994 71 139 71 handwriting 0
340 159 480 159 480 254.99999999999997 340 254.99999999999997 handwriting 0
356 303 479 303 479 336 356 336 handwriting 0
614 397 757 397 757 526 614 526 handwriting 0
889 206 1043 206 1043 350 889 350 handwriting 0
502 1521 1137 1521 1137 1763 502 1763 handwriting 0