837.9999999999999 1111 935 1111 935 1134 837.9999999999999 1134 handwriting 0
718 1151 879 1151 879 1190 718 1190 handwriting 0
807.9999999999999 1184 934 1184 934 1210 807.9999999999999 1210 handwriting 0
787 1131 944 1131 944 1158 787 1158 handwriting 0
719.9999999999999 1334 854 1334 854 1364 719.9999999999999 1364 handwriting 0
814 1376 910 1376 910 1399 814 1399 handwriting 0
887 1403 933 1403 933 1450 887 1450 handwriting 0
309 1317 422 1317 422 1352 309 1352 handwriting 0
344 1274 406 1274 406 1306 344 1306 handwriting 0
1133 1170 1206 1170 1206 1515 1133 1515 handwriting 0
1132 603 1206 603 1206 1070 1132 1070 handwriting 0
1130 243 1198 243 1198 321 1130 321 handwriting 0
296 418 494 418 494 607 296 607 handwriting 0
54 451 230 451 230 535 54 535 handwriting 0
55.99999999999999 51 355 51 355 308 55.99999999999999 308 handwriting 0
372 26 1201 26 1201 140 372 140 handwriting 0
54 1128 206 1128 206 1210 54 1210 handwriting 0
89 1366 226 1366 226 1422 89 1422 handwriting 0
47.00000000000001 1588 1192 1588 1192 1828 47.00000000000001 1828 handwriting 0