483 639 590 639 590 677 483 677 handwriting 0
377 696 577 696 577 722 377 722 handwriting 0
369 565 505 565 505 592 369 592 handwriting 0
472 540 679.0000000000001 540 679.0000000000001 564 472 564 handwriting 0
752 454 816 454 816 504.99999999999994 752 504.99999999999994 handwriting 0
464 438 583 438 583 470 464 470 handwriting 0
406 329 861 329 861 384 406 384 handwriting 0
780 636 825 636 825 659 780 659 handwriting 0
743 757 881 757 881 837 743 837 handwriting 0
736 860 869 860 869 955 736 955 handwriting 0
726 1045 768.0000000000001 1045 768.0000000000001 1063 726 1063 handwriting 0
520 932 618.9999999999999 932 618.9999999999999 984.9999999999999 520 984.9999999999999 handwriting 0
370.99999999999994 1105 457 1105 457 1123 370.99999999999994 1123 handwriting 0
369 1048 568 1048 568 1082 369 1082 handwriting 0
752 1122 791 1122 791 1142 752 1142 handwriting 0
747 1167 881 1167 881 1389 747 1389 handwriting 0
434 1397 472 1397 472 1418 434 1418 handwriting 0
741.9999999999999 1555 792 1555 792 1585 741.9999999999999 1585 handwriting 0
441 1575 514 1575 514 1594 441 1594 handwriting 0
96.99999999999999 510.00000000000006 236 510.00000000000006 236 531 96.99999999999999 531 handwriting 0
159.99999999999997 587 355 587 355 610 159.99999999999997 610 handwriting 0
117 0 830.9999999999999 0 830.9999999999999 166 117 166 handwriting 0
936 286 1100 286 1100 874 936 874 handwriting 0
934 1025 1078 1025 1078 1174 934 1174 handwriting 0
438 1200 627 1200 627 1250 438 1250 handwriting 0
71 1588 1105 1588 1105 1712 71 1712 handwriting 0
132 764 211.00000000000003 764 211.00000000000003 789 132 789 handwriting 0
6.000000000000001 662 94 662 94 1415 6.000000000000001 1415 handwriting 0
81 943 238 943 238 970.9999999999999 81 970.9999999999999 handwriting 0
96.99999999999999 899 187 899 187 912 96.99999999999999 912 handwriting 0