173 1588 680 1588 680 1677 173 1677 handwriting 0
640 1482 667 1482 667 1511 640 1511 handwriting 0
665 1528 689 1528 689 1557 665 1557 handwriting 0
587 1117 705.9999999999999 1117 705.9999999999999 1158 587 1158 handwriting 0
215 978.0000000000001 257 978.0000000000001 257 1009.9999999999999 215 1009.9999999999999 handwriting 0
593 1023 734 1023 734 1060 593 1060 handwriting 0
358 732 461 732 461 764 358 764 handwriting 0
215 678 261 678 261 709 215 709 handwriting 0
405 883 483.00000000000006 883 483.00000000000006 910 405 910 handwriting 0
73 481.99999999999994 216 481.99999999999994 216 512 73 512 handwriting 0
408 372 621 372 621 410 408 410 handwriting 0
799.9999999999999 215 1061 215 1061 433 799.9999999999999 433 handwriting 0