633 204 760 204 760 243 633 243 handwriting 0
917.9999999999999 298 1047 298 1047 345 917.9999999999999 345 handwriting 0
890.0000000000001 511.99999999999994 1004.9999999999999 511.99999999999994 1004.9999999999999 565 890.0000000000001 565 handwriting 0
633 537 700 537 700 574 633 574 handwriting 0
903 654 1044 654 1044 685 903 685 handwriting 0
900 918.0000000000001 1007 918.0000000000001 1007 951 900 951 handwriting 0
323 467.99999999999994 416.00000000000006 467.99999999999994 416.00000000000006 501.00000000000006 323 501.00000000000006 handwriting 0
618 633 749 633 749 669 618 669 handwriting 0
140 167 265 167 265 232 140 232 handwriting 0
118 388 267 388 267 1598 118 1598 handwriting 0
352 732 445.00000000000006 732 445.00000000000006 765 352 765 handwriting 0
612 770 696.9999999999999 770 696.9999999999999 804 612 804 handwriting 0
309 985.9999999999999 396 985.9999999999999 396 1005 309 1005 handwriting 0
594 1112 754 1112 754 1143 594 1143 handwriting 0
332 1073 511 1073 511 1102 332 1102 handwriting 0
490 1057 537 1057 537 1092 490 1092 handwriting 0
617 1342 753 1342 753 1388 617 1388 handwriting 0
882 1301 939 1301 939 1325 882 1325 handwriting 0
333 1183 487.99999999999994 1183 487.99999999999994 1241 333 1241 handwriting 0
377 1301 498.00000000000006 1301 498.00000000000006 1409 377 1409 handwriting 0
342 1418 480 1418 480 1490 342 1490 handwriting 0
271 1544 320.00000000000006 1544 320.00000000000006 1567 271 1567 handwriting 0
378 1541 654 1541 654 1593 378 1593 handwriting 0
140 1583 1086 1583 1086 1672 140 1672 handwriting 0