810 981 1149 981 1149 1059 810 1059 handwriting 0
729 1123 968 1123 968 1143 729 1143 handwriting 0
257 1090 461 1090 461 1109 257 1109 handwriting 0
871 1273 1144 1273 1144 1414 871 1414 handwriting 0
689.0000000000001 478 1155 478 1155 517 689.0000000000001 517 handwriting 0
1123 518 1155 518 1155 579 1123 579 handwriting 0
610 362 774 362 774 375 610 375 handwriting 0
988 334 1155 334 1155 358 988 358 handwriting 0
952 366 1041 366 1041 385 952 385 handwriting 0
576 430 611 430 611 449 576 449 handwriting 0
901 450.99999999999994 990 450.99999999999994 990 464.99999999999994 901 464.99999999999994 handwriting 0
983.9999999999999 420 1099 420 1099 441 983.9999999999999 441 handwriting 0
163 181 284 181 284 288 163 288 handwriting 0
172 659 263 659 263 687 172 687 handwriting 0