148 382 293 382 293 501 148 501 handwriting 0
172 703 301 703 301 832 172 832 handwriting 0
618 171 907 171 907 200 618 200 handwriting 0
997 338 1155 338 1155 433 997 433 handwriting 0
692.0000000000001 393 772 393 772 412 692.0000000000001 412 handwriting 0
592 449 647 449 647 473.00000000000006 592 473.00000000000006 handwriting 0
589 549 631 549 631 568 589 568 handwriting 0
952 498 1097 498 1097 524 952 524 handwriting 0
1046 450.99999999999994 1155 450.99999999999994 1155 485.00000000000006 1046 485.00000000000006 handwriting 0
1063 568 1155 568 1155 659 1063 659 handwriting 0
772 538 1056 538 1056 554 772 554 handwriting 0
709 623 773 623 773 640 709 640 handwriting 0
680 706 930 706 930 725 680 725 handwriting 0
592 837 629 837 629 858 592 858 handwriting 0
871 819 944 819 944 836 871 836 handwriting 0
1029 774 1155 774 1155 842 1029 842 handwriting 0
800 851 1068 851 1068 905.9999999999999 800 905.9999999999999 handwriting 0
233 1244 295 1244 295 1270 233 1270 handwriting 0
167 1452 599 1452 599 1577 167 1577 handwriting 0