101 99 353 99 353 161 101 161 handwriting 0
197 189 244 189 244 217 197 217 handwriting 0
181 243 341 243 341 415 181 415 handwriting 0
467 216 625 216 625 314 467 314 handwriting 0
171 436 357 436 357 539 171 539 handwriting 0
180 589 279 589 279 633 180 633 handwriting 0
751 241 930 241 930 756 751 756 handwriting 0
177 663 313 663 313 753 177 753 handwriting 0
451 509.99999999999994 623 509.99999999999994 623 810 451 810 handwriting 0
173.00000000000003 829 462 829 462 908 173.00000000000003 908 handwriting 0
471.00000000000006 944 606 944 606 988 471.00000000000006 988 handwriting 0
943 1080 1108 1080 1108 1563 943 1563 handwriting 0
776 1547 826.0000000000001 1547 826.0000000000001 1571 776 1571 handwriting 0
676 1573 864 1573 864 1617 676 1617 handwriting 0
754 1101 887 1101 887 1171 754 1171 handwriting 0
496 1124 627 1124 627 1163 496 1163 handwriting 0
453 1239 619 1239 619 1457 453 1457 handwriting 0
90 1536 498 1536 498 1623 90 1623 handwriting 0
180 1183 354.99999999999994 1183 354.99999999999994 1284 180 1284 handwriting 0
177 946.0000000000001 354 946.0000000000001 354 1042 177 1042 handwriting 0