290 492 344 492 344 569 290 569 handwriting 0
862 337 891.0000000000001 337 891.0000000000001 387 862 387 handwriting 0
966 150 995 150 995 178 966 178 handwriting 0
961 344 974.9999999999999 344 974.9999999999999 374 961 374 handwriting 0
904 564 942 564 942 594 904 594 handwriting 0
940.9999999999999 518 955 518 955 543 940.9999999999999 543 handwriting 0
911 640 936 640 936 671 911 671 handwriting 0
953 606 969 606 969 625 953 625 handwriting 0
987 627 1014.0000000000001 627 1014.0000000000001 666 987 666 handwriting 0
844.0000000000001 970.0000000000001 885.9999999999999 970.0000000000001 885.9999999999999 1022.9999999999999 844.0000000000001 1022.9999999999999 handwriting 0
952 973.0000000000001 972 973.0000000000001 972 994.0000000000001 952 994.0000000000001 handwriting 0
973 893 1001.0000000000001 893 1001.0000000000001 921.9999999999999 973 921.9999999999999 handwriting 0
1083 973.0000000000001 1105 973.0000000000001 1105 1006.0000000000001 1083 1006.0000000000001 handwriting 0
971 1078 1012 1078 1012 1107 971 1107 handwriting 0
963 1142 985 1142 985 1169 963 1169 handwriting 0
1031 982.0000000000001 1046 982.0000000000001 1046 1000.0000000000001 1031 1000.0000000000001 handwriting 0
207 1304 260 1304 260 1334 207 1334 handwriting 0