236 698 307 698 307 728 236 728 handwriting 0
104 744 240 744 240 780 104 780 handwriting 0
301 798 409.00000000000006 798 409.00000000000006 828 301 828 handwriting 0
591 841 714 841 714 874 591 874 handwriting 0
428 902 455.99999999999994 902 455.99999999999994 925 428 925 handwriting 0
7.000000000000001 1049 86 1049 86 1078 7.000000000000001 1078 handwriting 0
807 1108 1082 1108 1082 1222 807 1222 handwriting 0
8 1359 112.00000000000001 1359 112.00000000000001 1394 8 1394 handwriting 0
430 1355 471 1355 471 1383 430 1383 handwriting 0
360 1501 518 1501 518 1537 360 1537 handwriting 0
801 1276 1069 1276 1069 1436 801 1436 handwriting 0
810.0000000000001 1559 1062 1559 1062 1643 810.0000000000001 1643 handwriting 0
759 1605 788 1605 788 1637 759 1637 handwriting 0
542 589 762 589 762 621 542 621 handwriting 0
304 595 334.99999999999994 595 334.99999999999994 623 304 623 handwriting 0
5 548 46.00000000000001 548 46.00000000000001 577 5 577 handwriting 0
464 543 565 543 565 573 464 573 handwriting 0
809 444 1076 444 1076 546 809 546 handwriting 0
523 345 553 345 553 368 523 368 handwriting 0
91.00000000000001 391 195 391 195 424 91.00000000000001 424 handwriting 0
63 289 230 289 230 332 63 332 handwriting 0
228.99999999999997 237 282 237 282 272 228.99999999999997 272 handwriting 0
146 341 342 341 342 374 146 374 handwriting 0
518 243.00000000000003 589 243.00000000000003 589 269 518 269 handwriting 0
660 288 710 288 710 324 660 324 handwriting 0
804 211 1083 211 1083 408 804 408 handwriting 0
763 348 799 348 799 370 763 370 handwriting 0