53 23 1186 23 1186 121 53 121 handwriting 0
276 291 506 291 506 314 276 314 handwriting 0
1000 256 1187 256 1187 1539 1000 1539 handwriting 0
20 1592 1188 1592 1188 1828 20 1828 handwriting 0
0 1439 110.99999999999999 1439 110.99999999999999 1619 0 1619 handwriting 0
141 1514 478 1514 478 1543 141 1543 handwriting 0
617 1496 786 1496 786 1531 617 1531 handwriting 0
643 1356 787.0000000000001 1356 787.0000000000001 1399 643 1399 handwriting 0
660 1306 784 1306 784 1328 660 1328 handwriting 0
711 1211 797 1211 797 1283 711 1283 handwriting 0
594 1135 691 1135 691 1171 594 1171 handwriting 0
772 993 940 993 940 1024 772 1024 handwriting 0
0 1074 107 1074 107 1364 0 1364 handwriting 0
239 890 456 890 456 921 239 921 handwriting 0
0 552 90 552 90 868 0 868 handwriting 0
256 601 363 601 363 650 256 650 handwriting 0
209 534 353 534 353 555 209 555 handwriting 0
27 375 92 375 92 508 27 508 handwriting 0
0 34 33 34 33 166 0 166 handwriting 0
915 1233 937.0000000000001 1233 937.0000000000001 1265 915 1265 handwriting 0
821 1238 841 1238 841 1269 821 1269 handwriting 0
644 1426 748 1426 748 1454 644 1454 handwriting 0