259 306 453 306 453 399 259 399 handwriting 0
934 540 1021 540 1021 572 934 572 handwriting 0
382 559 458 559 458 613 382 613 handwriting 0
766 1053 909.9999999999999 1053 909.9999999999999 1092 766 1092 handwriting 0
1005 1106 1070 1106 1070 1138 1005 1138 handwriting 0
251.99999999999997 899.9999999999999 481 899.9999999999999 481 1494 251.99999999999997 1494 handwriting 0
909.9999999999999 1348 940 1348 940 1376 909.9999999999999 1376 handwriting 0
1084 1397 1207 1397 1207 1420 1084 1420 handwriting 0
830 1438 857 1438 857 1473 830 1473 handwriting 0
681 1440 701 1440 701 1465 681 1465 handwriting 0
744 1494 1065 1494 1065 1586 744 1586 handwriting 0
263 1486 525 1486 525 1657 263 1657 handwriting 0