939 293 1103 293 1103 1510 939 1510 handwriting 0
84 1545 1096 1545 1096 1694 84 1694 handwriting 0
461 1450 595 1450 595 1558 461 1558 handwriting 0
129 1280 364 1280 364 1325 129 1325 handwriting 0
152 1313 323 1313 323 1511 152 1511 handwriting 0
167 997 280 997 280 1114 167 1114 handwriting 0
199 874 332 874 332 929 199 929 handwriting 0
163 1172 295 1172 295 1210 163 1210 handwriting 0
470 911.9999999999999 642 911.9999999999999 642 1019 470 1019 handwriting 0
583 1010.0000000000001 682 1010.0000000000001 682 1039 583 1039 handwriting 0
751 990 905 990 905 1014.0000000000001 751 1014.0000000000001 handwriting 0
487 1080 571 1080 571 1115 487 1115 handwriting 0
478 1170 627 1170 627 1303 478 1303 handwriting 0
777 1273 937 1273 937 1317 777 1317 handwriting 0
750 724 929 724 929 800 750 800 handwriting 0
512 794 668 794 668 829 512 829 handwriting 0
472 710 616 710 616 751 472 751 handwriting 0
174 516 327 516 327 640 174 640 handwriting 0
166 354 317 354 317 454 166 454 handwriting 0
462 372 509 372 509 394 462 394 handwriting 0
413 252 523 252 523 283 413 283 handwriting 0
751.9999999999999 331 908.0000000000001 331 908.0000000000001 623 751.9999999999999 623 handwriting 0