451 1001 610 1001 610 1182 451 1182 handwriting 0
496 884 609 884 609 941 496 941 handwriting 0
474.00000000000006 803 618 803 618 842 474.00000000000006 842 handwriting 0
466 440 631 440 631 684 466 684 handwriting 0
17 1013 77 1013 77 1059 17 1059 handwriting 0
197 1174 324 1174 324 1262 197 1262 handwriting 0
385 1313 541 1313 541 1349 385 1349 handwriting 0
514 1465 545 1465 545 1490 514 1490 handwriting 0
446 1486 574 1486 574 1509 446 1509 handwriting 0
938 1231 1098 1231 1098 1508 938 1508 handwriting 0
91 1526 871 1526 871 1694 91 1694 handwriting 0
944 413 1105 413 1105 778 944 778 handwriting 0
834 505.99999999999994 909 505.99999999999994 909 541 834 541 handwriting 0
885 208 918 208 918 229 885 229 handwriting 0
837.9999999999999 177 868 177 868 198 837.9999999999999 198 handwriting 0
946 221 1090 221 1090 366 946 366 handwriting 0
388 84 577 84 577 135 388 135 handwriting 0
25 155 105 155 105 198 25 198 handwriting 0
180 147 337 147 337 417 180 417 handwriting 0
261 456 298 456 298 472 261 472 handwriting 0
171 553 339 553 339 687 171 687 handwriting 0
190 795 286 795 286 858 190 858 handwriting 0
220 883 336 883 336 995.0000000000001 220 995.0000000000001 handwriting 0
185 1006 312 1006 312 1071 185 1071 handwriting 0