145 37 969 37 969 143 145 143 handwriting 0
111.00000000000001 151 290 151 290 326 111.00000000000001 326 handwriting 0
125 390 264 390 264 635 125 635 handwriting 0
320 416 350 416 350 438 320 438 handwriting 0
351 493.00000000000006 380 493.00000000000006 380 514 351 514 handwriting 0
330 645 431 645 431 680 330 680 handwriting 0
635 200 717 200 717 257 635 257 handwriting 0
643 314 744 314 744 346 643 346 handwriting 0
904 208 1001.9999999999999 208 1001.9999999999999 297 904 297 handwriting 0
809 338 914 338 914 355 809 355 handwriting 0
917.9999999999999 324 1058 324 1058 392 917.9999999999999 392 handwriting 0
951 419 1083 419 1083 439 951 439 handwriting 0
870 534 975 534 975 561 870 561 handwriting 0
891 588 989 588 989 622 891 622 handwriting 0
960 643 1061 643 1061 693 960 693 handwriting 0
625 454 793 454 793 865 625 865 handwriting 0
120 775 250 775 250 1083 120 1083 handwriting 0
314 894 438 894 438 1028 314 1028 handwriting 0
128 1269 238 1269 238 1315 128 1315 handwriting 0
333 1146 472 1146 472 1208 333 1208 handwriting 0
141 1401 255 1401 255 1457 141 1457 handwriting 0
625 986.0000000000001 684 986.0000000000001 684 1038 625 1038 handwriting 0
905 866 1018.0000000000001 866 1018.0000000000001 906 905 906 handwriting 0
1089 960.9999999999999 1173 960.9999999999999 1173 1020.0000000000001 1089 1020.0000000000001 handwriting 0
879 923 906 923 906 947 879 947 handwriting 0
888.0000000000001 965 1053 965 1053 1205 888.0000000000001 1205 handwriting 0
619 1141 660 1141 660 1163 619 1163 handwriting 0
585 1224 769 1224 769 1442 585 1442 handwriting 0
505.00000000000006 1494 1174 1494 1174 1733 505.00000000000006 1733 handwriting 0