326 1060 373 1060 373 1107 326 1107 handwriting 0
1019 208.99999999999997 1100 208.99999999999997 1100 292 1019 292 handwriting 0
920.0000000000001 244 941 244 941 262 920.0000000000001 262 handwriting 0
991 152 1030 152 1030 188 991 188 handwriting 0
778 1043 811 1043 811 1081 778 1081 handwriting 0
554 1017 570 1017 570 1035 554 1035 handwriting 0
837.0000000000001 1100 858 1100 858 1139 837.0000000000001 1139 handwriting 0
918 1013.0000000000001 939 1013.0000000000001 939 1055 918 1055 handwriting 0
1034 1103 1059 1103 1059 1128 1034 1128 handwriting 0
938 1153 961 1153 961 1175 938 1175 handwriting 0
1025 1302 1052 1302 1052 1330 1025 1330 handwriting 0
755 1353 768.9999999999999 1353 768.9999999999999 1369 755 1369 handwriting 0
947 1387 970 1387 970 1403 947 1403 handwriting 0
888 1320 903 1320 903 1345 888 1345 handwriting 0