327.00000000000006 527 667 527 667 618 327.00000000000006 618 handwriting 0
241 20 1180 20 1180 102 241 102 handwriting 0
859 827 899 827 899 858 859 858 handwriting 0
337 1289 557 1289 557 1332 337 1332 handwriting 0
1143 1210 1196 1210 1196 1274 1143 1274 handwriting 0
1142 1339 1192 1339 1192 1420 1142 1420 handwriting 0
863 1346 933 1346 933 1388 863 1388 handwriting 0
881 1416 934 1416 934 1439 881 1439 handwriting 0
794 1459 867 1459 867 1487 794 1487 handwriting 0
918 1519 942 1519 942 1538 918 1538 handwriting 0
348 1578 1076 1578 1076 1788 348 1788 handwriting 0