49 32 1201 32 1201 444 49 444 handwriting 0
1129 424 1193 424 1193 481 1129 481 handwriting 0
818 472 938 472 938 491.00000000000006 818 491.00000000000006 handwriting 0
770 507 948 507 948 544 770 544 handwriting 0
777 582 1026 582 1026 618 777 618 handwriting 0
775 609 949 609 949 879 775 879 handwriting 0
423 586 510 586 510 610 423 610 handwriting 0
678 574 715 574 715 633 678 633 handwriting 0
677.0000000000001 814 714 814 714 864 677.0000000000001 864 handwriting 0
361.00000000000006 843 503 843 503 871 361.00000000000006 871 handwriting 0
348 919 454 919 454 947.0000000000001 348 947.0000000000001 handwriting 0
384 943 520 943 520 1030 384 1030 handwriting 0
350 1034 505 1034 505 1158 350 1158 handwriting 0
412 1189 511 1189 511 1226 412 1226 handwriting 0
552 1230 572 1230 572 1261 552 1261 handwriting 0
363 1228 506 1228 506 1259 363 1259 handwriting 0
383 1302 511 1302 511 1329 383 1329 handwriting 0
792.9999999999999 1296 934 1296 934 1343 792.9999999999999 1343 handwriting 0
783 1349 930 1349 930 1376 783 1376 handwriting 0
809 1019.0000000000001 947 1019.0000000000001 947 1118 809 1118 handwriting 0
807.9999999999999 943 927 943 927 971 807.9999999999999 971 handwriting 0
40 603 241 603 241 1307 40 1307 handwriting 0
41 1305 365 1305 365 1716 41 1716 handwriting 0
133 1704 1022 1704 1022 1826 133 1826 handwriting 0
364 1582 1040 1582 1040 1689 364 1689 handwriting 0
1127 721 1206 721 1206 1536 1127 1536 handwriting 0
1012 1531 1188 1531 1188 1778 1012 1778 handwriting 0