262 967.9999999999999 483 967.9999999999999 483 999 262 999 handwriting 0
283 1039 498 1039 498 1093 283 1093 handwriting 0
199 897 482 897 482 931 199 931 handwriting 0
254 842 325 842 325 874 254 874 handwriting 0
234 758 334 758 334 795 234 795 handwriting 0
270 611 479 611 479 645 270 645 handwriting 0
117 534 218 534 218 569 117 569 handwriting 0
353 523 493 523 493 567 353 567 handwriting 0
638.0000000000001 420 719 420 719 451 638.0000000000001 451 handwriting 0
543 330 642 330 642 357 543 357 handwriting 0
977 297 1180 297 1180 507.99999999999994 977 507.99999999999994 handwriting 0
872 539 922 539 922 574 872 574 handwriting 0
208 1163 473 1163 473 1194 208 1194 handwriting 0
0 1189 18 1189 18 1243 0 1243 handwriting 0
0 1446 18 1446 18 1790 0 1790 handwriting 0
750 377 920 377 920 404 750 404 handwriting 0
0 617 22 617 22 924 0 924 handwriting 0
0 22 20 22 20 108 0 108 handwriting 0