163 964 179 964 179 978 163 978 handwriting 0
836 461 1010.0000000000001 461 1010.0000000000001 577 836 577 handwriting 0
538 560 551 560 551 571 538 571 handwriting 0
521 456 535 456 535 473.99999999999994 521 473.99999999999994 handwriting 0
505.00000000000006 435.00000000000006 518 435.00000000000006 518 450 505.00000000000006 450 handwriting 0
185 482 200 482 200 499 185 499 handwriting 0
376 408 391 408 391 424.99999999999994 376 424.99999999999994 handwriting 0
395 358 415 358 415 374 395 374 handwriting 0
814 259 841 259 841 288 814 288 handwriting 0
726 251.99999999999997 742 251.99999999999997 742 276 726 276 handwriting 0
594 265 610 265 610 293 594 293 handwriting 0
554 359 568 359 568 374 554 374 handwriting 0