104 815 145 815 145 852 104 852 handwriting 0
100 1055 144 1055 144 1090 100 1090 handwriting 0
100 1302 154 1302 154 1342 100 1342 handwriting 0
6 1437 163 1437 163 1522 6 1522 handwriting 0
905 1317 1024 1317 1024 1395 905 1395 handwriting 0
681 1275 760 1275 760 1304 681 1304 handwriting 0
801 1093 957 1093 957 1138 801 1138 handwriting 0
828 715 1024 715 1024 746 828 746 handwriting 0
968 747 1024 747 1024 769 968 769 handwriting 0
17 743 108 743 108 796 17 796 handwriting 0
17 617 164 617 164 660 17 660 handwriting 0
101 573 130 573 130 604 101 604 handwriting 0
0 487 167 487 167 545 0 545 handwriting 0
588 497 812 497 812 518 588 518 handwriting 0
10 18 62 18 62 48 10 48 handwriting 0
390 697 505 697 505 721 390 721 handwriting 0