720 310 934 310 934 384 720 384 handwriting 0
0 300 14 300 14 330 0 330 handwriting 0
720 580 964 580 964 646 720 646 handwriting 0
618 648 834 648 834 700 618 700 handwriting 0
742 692 966 692 966 766 742 766 handwriting 0
788 864 878 864 878 922 788 922 handwriting 0
604 1438 940 1438 940 1496 604 1496 handwriting 0
662 1400 794 1400 794 1444 662 1444 handwriting 0
712 1356 966 1356 966 1404 712 1404 handwriting 0
730 990.0000000000001 826 990.0000000000001 826 1032 730 1032 handwriting 0
852 912.0000000000001 984 912.0000000000001 984 1018.0000000000001 852 1018.0000000000001 handwriting 0
740 942 850 942 850 996 740 996 handwriting 0
664 1108 964 1108 964 1170 664 1170 handwriting 0
778 1166 870 1166 870 1218 778 1218 handwriting 0
684 1208 868 1208 868 1242 684 1242 handwriting 0
830 1226 972 1226 972 1272 830 1272 handwriting 0
792 1268 946 1268 946 1314 792 1314 handwriting 0
722 1236 822 1236 822 1264 722 1264 handwriting 0