904 178 1008 178 1008 220 904 220 handwriting 0
160 260 218 260 218 292 160 292 handwriting 0
40 382 160 382 160 428 40 428 handwriting 0
38 459.99999999999994 222 459.99999999999994 222 540 38 540 handwriting 0
46 570 146 570 146 610 46 610 handwriting 0
40 630 254 630 254 656 40 656 handwriting 0
920 960.0000000000001 1000 960.0000000000001 1000 1006 920 1006 handwriting 0
894 477.99999999999994 1024 477.99999999999994 1024 542 894 542 handwriting 0
166 746 220 746 220 780 166 780 handwriting 0
38 658 162 658 162 734 38 734 handwriting 0
42 944 160 944 160 1056 42 1056 handwriting 0
164 994 230 994 230 1032 164 1032 handwriting 0
844 586 1012 586 1012 616 844 616 handwriting 0
168 1240 228 1240 228 1274 168 1274 handwriting 0
46 1110 230 1110 230 1174 46 1174 handwriting 0
48 1176 204 1176 204 1250 48 1250 handwriting 0
936 1276 1024 1276 1024 1314 936 1314 handwriting 0
890 1316 1024 1316 1024 1354 890 1354 handwriting 0
940 1358 1024 1358 1024 1418 940 1418 handwriting 0
44 1322 234 1322 234 1416 44 1416 handwriting 0
42 1418 208 1418 208 1466 42 1466 handwriting 0
50 1462 292 1462 292 1500 50 1500 handwriting 0
180 1490 232 1490 232 1524 180 1524 handwriting 0
846 616 1024 616 1024 662 846 662 handwriting 0
834 660 1024 660 1024 690 834 690 handwriting 0
866 690 1024 690 1024 730 866 730 handwriting 0