0 204 26 204 26 274 0 274 handwriting 0
0 306 16 306 16 328 0 328 handwriting 0
0 456.00000000000006 24 456.00000000000006 24 512 0 512 handwriting 0
0 700 14 700 14 728 0 728 handwriting 0
0 920.0000000000001 17 920.0000000000001 17 1050 0 1050 handwriting 0
0 1320 16 1320 16 1339 0 1339 handwriting 0
679 1416 863 1416 863 1461 679 1461 handwriting 0
736 1137 806 1137 806 1181 736 1181 handwriting 0
757 1226 923 1226 923 1271 757 1271 handwriting 0
676 160 949 160 949 241 676 241 handwriting 0
687 451 733 451 733 496 687 496 handwriting 0
769 726 974 726 974 790 769 790 handwriting 0
737 793 984 793 984 853 737 853 handwriting 0
704 846 834 846 834 884.0000000000001 704 884.0000000000001 handwriting 0
813 878.9999999999999 913 878.9999999999999 913 931 813 931 handwriting 0
647 890.9999999999999 801 890.9999999999999 801 949.0000000000001 647 949.0000000000001 handwriting 0
763 947 927 947 927 988.9999999999999 763 988.9999999999999 handwriting 0
747 996 969 996 969 1056 747 1056 handwriting 0
767 357 994 357 994 406 767 406 handwriting 0
764 246 991 246 991 319 764 319 handwriting 0
733 311 987 311 987 360 733 360 handwriting 0
763 463.99999999999994 970 463.99999999999994 970 510 763 510 handwriting 0
876 514 979 514 979 539 876 539 handwriting 0
796 543 994 543 994 584 796 584 handwriting 0