104 170 152 170 152 200 104 200 handwriting 0
18 294 164 294 164 332 18 332 handwriting 0
18 334 144 334 144 384 18 384 handwriting 0
18 378 180 378 180 422 18 422 handwriting 0
20 418 148 418 148 584 20 584 handwriting 0
112 662 152 662 152 700 112 700 handwriting 0
30 726 150 726 150 782 30 782 handwriting 0
30 788 158 788 158 844 30 844 handwriting 0
32 908.0000000000001 162 908.0000000000001 162 980 32 980 handwriting 0
28 1108 178 1108 178 1192 28 1192 handwriting 0
128 1396 166 1396 166 1430 128 1430 handwriting 0
838 1338 982 1338 982 1412 838 1412 handwriting 0
848 1040 1018 1040 1018 1094 848 1094 handwriting 0
834 680 1022 680 1022 784 834 784 handwriting 0
870 828 1018 828 1018 880 870 880 handwriting 0
830 928 892 928 892 968 830 968 handwriting 0
864 306 1020 306 1020 362 864 362 handwriting 0
938 362 1006 362 1006 402 938 402 handwriting 0
910 402 1020 402 1020 436.00000000000006 910 436.00000000000006 handwriting 0
894 450 1020 450 1020 506.00000000000006 894 506.00000000000006 handwriting 0