46 1.9999999999999998 1008 1.9999999999999998 1008 82 46 82 handwriting 0
38 82 414 82 414 114.99999999999999 38 114.99999999999999 handwriting 0
100 162 161 162 161 194 100 194 handwriting 0
866 288 1024 288 1024 366 866 366 handwriting 0
830 480.00000000000006 937 480.00000000000006 937 510 830 510 handwriting 0
902 511.99999999999994 1015 511.99999999999994 1015 559 902 559 handwriting 0
860 606 966 606 966 666 860 666 handwriting 0
177 188 298 188 298 210 177 210 handwriting 0
531 182 614 182 614 210 531 210 handwriting 0
108 406 158 406 158 441.00000000000006 108 441.00000000000006 handwriting 0
33 330 148 330 148 377 33 377 handwriting 0
36 476 164 476 164 527 36 527 handwriting 0
37 536 136 536 136 589 37 589 handwriting 0
104 652 167 652 167 686 104 686 handwriting 0
38 760 162 760 162 812 38 812 handwriting 0
116 900 167 900 167 932 116 932 handwriting 0
952 870 988 870 988 903.9999999999999 952 903.9999999999999 handwriting 0
858 970 1017 970 1017 1021 858 1021 handwriting 0
857 1244 930 1244 930 1301 857 1301 handwriting 0
854 1302 1023 1302 1023 1368 854 1368 handwriting 0
112 1134 176 1134 176 1178 112 1178 handwriting 0
113 1370 170 1370 170 1422 113 1422 handwriting 0
39 1506 102 1506 102 1570 39 1570 handwriting 0
904 1502 932 1502 932 1559 904 1559 handwriting 0