734 202 978 202 978 284 734 284 handwriting 0
718 296 830 296 830 344 718 344 handwriting 0
716 352 824 352 824 394 716 394 handwriting 0
656 473.99999999999994 798 473.99999999999994 798 514 656 514 handwriting 0
758 532 834 532 834 596 758 596 handwriting 0
658 684 840 684 840 750 658 750 handwriting 0
22 920.0000000000001 100 920.0000000000001 100 950 22 950 handwriting 0
512 927.9999999999999 546 927.9999999999999 546 951.9999999999999 512 951.9999999999999 handwriting 0
568 1086 778 1086 778 1124 568 1124 handwriting 0
696 776 832 776 832 838 696 838 handwriting 0
628 828 776 828 776 874 628 874 handwriting 0
754 866 924 866 924 958 754 958 handwriting 0
754 955.9999999999999 870 955.9999999999999 870 998.0000000000001 754 998.0000000000001 handwriting 0
596 990.0000000000001 986 990.0000000000001 986 1046 596 1046 handwriting 0
668 1232 986 1232 986 1290 668 1290 handwriting 0
98 1566 192 1566 192 1626 98 1626 handwriting 0
738 1424 898 1424 898 1486 738 1486 handwriting 0
738 1332 850 1332 850 1362 738 1362 handwriting 0
574 1514 946 1514 946 1598 574 1598 handwriting 0