794 100 1022 100 1022 139 794 139 handwriting 0
935 142 1000 142 1000 180 935 180 handwriting 0
856 302 1019 302 1019 390 856 390 handwriting 0
102 292 158 292 158 336 102 336 handwriting 0
24 170 162 170 162 235.00000000000003 24 235.00000000000003 handwriting 0
32 448 141 448 141 500 32 500 handwriting 0
116 544 171 544 171 586 116 586 handwriting 0
864 570 1018 570 1018 605 864 605 handwriting 0
880 624 1023 624 1023 680 880 680 handwriting 0
800 700 996 700 996 761 800 761 handwriting 0
830 766 966 766 966 835 830 835 handwriting 0
888 831 1024 831 1024 870 888 870 handwriting 0
39 786 174 786 174 856 39 856 handwriting 0
40 898.0000000000001 170 898.0000000000001 170 990 40 990 handwriting 0
856 1312 934 1312 934 1366 856 1366 handwriting 0
113 1524 174 1524 174 1560 113 1560 handwriting 0
121 1036 172 1036 172 1069 121 1069 handwriting 0
36 1188 174 1188 174 1314 36 1314 handwriting 0