288 86 410 86 410 142 288 142 handwriting 0
950 304 1020 304 1020 354 950 354 handwriting 0
934 412 1018 412 1018 464 934 464 handwriting 0
36 229.99999999999997 130 229.99999999999997 130 266 36 266 handwriting 0
166 255.99999999999997 214 255.99999999999997 214 290 166 290 handwriting 0
850 526 1004 526 1004 578 850 578 handwriting 0
32 372 144 372 144 418 32 418 handwriting 0
32 424 218 424 218 474 32 474 handwriting 0
30 477.99999999999994 220 477.99999999999994 220 546 30 546 handwriting 0
36 758 216 758 216 840 36 840 handwriting 0
178 1284 216 1284 216 1324 178 1324 handwriting 0
72 1164 140 1164 140 1204 72 1204 handwriting 0
50 1218 112 1218 112 1254 50 1254 handwriting 0
36 1410 184 1410 184 1450 36 1450 handwriting 0
168 1532 212 1532 212 1568 168 1568 handwriting 0
42 962 260 962 260 1012.0000000000001 42 1012.0000000000001 handwriting 0
40 1020 226 1020 226 1082 40 1082 handwriting 0
854 1304 1018 1304 1018 1352 854 1352 handwriting 0
882 1384 1020 1384 1020 1434 882 1434 handwriting 0
774 1462 996 1462 996 1510 774 1510 handwriting 0