809 200 972 200 972 251.99999999999997 809 251.99999999999997 handwriting 0
851 268 958 268 958 303 851 303 handwriting 0
118 208 172 208 172 244 118 244 handwriting 0
34 344 183 344 183 391 34 391 handwriting 0
872 492 1018 492 1018 550 872 550 handwriting 0
783 536 848 536 848 588 783 588 handwriting 0
791 594 888 594 888 641 791 641 handwriting 0
834 642 953 642 953 668 834 668 handwriting 0
838 672 970 672 970 722 838 722 handwriting 0
948 865.9999999999999 1016 865.9999999999999 1016 910.0000000000001 948 910.0000000000001 handwriting 0
129 1428 176 1428 176 1465 129 1465 handwriting 0
127.99999999999999 1186 174 1186 174 1218 127.99999999999999 1218 handwriting 0
130 942 178 942 178 976 130 976 handwriting 0
852 1234 1019 1234 1019 1299 852 1299 handwriting 0
916 1306 1019 1306 1019 1353 916 1353 handwriting 0
830 1450 1019 1450 1019 1504 830 1504 handwriting 0
907 1086 1016 1086 1016 1151 907 1151 handwriting 0
830 1118 903 1118 903 1149 830 1149 handwriting 0
866 1148 988 1148 988 1188 866 1188 handwriting 0
34 1016 180 1016 180 1088 34 1088 handwriting 0
40 1104 156 1104 156 1161 40 1161 handwriting 0
30 572 180 572 180 762 30 762 handwriting 0
42 524 159 524 159 570 42 570 handwriting 0
30 460 132 460 132 519 30 519 handwriting 0
136 458 182 458 182 522 136 522 handwriting 0