0 112.00000000000001 78 112.00000000000001 78 152 0 152 handwriting 0
750 144 964 144 964 198 750 198 handwriting 0
712 465.99999999999994 938 465.99999999999994 938 526 712 526 handwriting 0
598 784 916 784 916 840 598 840 handwriting 0
722 894 880 894 880 934 722 934 handwriting 0
616 966 894 966 894 1030 616 1030 handwriting 0
716 1116 936 1116 936 1188 716 1188 handwriting 0
722 1230 874 1230 874 1286 722 1286 handwriting 0
712 1298 842 1298 842 1344 712 1344 handwriting 0
702 1344 898 1344 898 1388 702 1388 handwriting 0
682 1388 988 1388 988 1436 682 1436 handwriting 0
702 1426 986 1426 986 1474 702 1474 handwriting 0
804 1470 894 1470 894 1506 804 1506 handwriting 0