749 168 948 168 948 219 749 219 handwriting 0
714 220.00000000000003 941 220.00000000000003 941 257 714 257 handwriting 0
648 286 900 286 900 351 648 351 handwriting 0
696 484 841 484 841 533 696 533 handwriting 0
591.9999999999999 560 760 560 760 607 591.9999999999999 607 handwriting 0
716 532 891 532 891 582 716 582 handwriting 0
770 582 988 582 988 710 770 710 handwriting 0
718 810 958 810 958 885 718 885 handwriting 0
656 898 979 898 979 955 656 955 handwriting 0
732 982.0000000000001 912 982.0000000000001 912 1051 732 1051 handwriting 0
708 1130 890 1130 890 1171 708 1171 handwriting 0
629 1184 976 1184 976 1248 629 1248 handwriting 0
648 1256 976 1256 976 1358 648 1358 handwriting 0
582 1438 696 1438 696 1490 582 1490 handwriting 0
664 1490 961 1490 961 1560 664 1560 handwriting 0