613 1042 724 1042 724 1086 613 1086 handwriting 0
317 827 453 827 453 849 317 849 handwriting 0
103 968 240 968 240 990.0000000000001 103 990.0000000000001 handwriting 0
96 1015 192 1015 192 1036 96 1036 handwriting 0
0 592 362 592 362 682 0 682 handwriting 0
468 633 670 633 670 679 468 679 handwriting 0
688 592 983 592 983 679 688 679 handwriting 0
580 675 718 675 718 705 580 705 handwriting 0
827 688 1022 688 1022 747 827 747 handwriting 0
752 742 1031 742 1031 808 752 808 handwriting 0
613 837 1022 837 1022 859 613 859 handwriting 0
858 858 1022 858 1022 887.9999999999999 858 887.9999999999999 handwriting 0
857 810 1026 810 1026 835 857 835 handwriting 0
900 18 990 18 990 69 900 69 handwriting 0