808 652 980 652 980 690 808 690 handwriting 0
848 178 1020 178 1020 238 848 238 handwriting 0
886 320 1018 320 1018 384 886 384 handwriting 0
124 264 170 264 170 294 124 294 handwriting 0
30 170 168 170 168 232 30 232 handwriting 0
124 506.00000000000006 168 506.00000000000006 168 538 124 538 handwriting 0
52 578 168 578 168 632 52 632 handwriting 0
28 676 182 676 182 742 28 742 handwriting 0
128 750 176 750 176 778 128 778 handwriting 0
804 1116 1018 1116 1018 1154 804 1154 handwriting 0
124 992.0000000000001 170 992.0000000000001 170 1028 124 1028 handwriting 0
118 1232 162 1232 162 1276 118 1276 handwriting 0
122 1480 172 1480 172 1522 122 1522 handwriting 0
720 1570 858 1570 858 1618 720 1618 handwriting 0
68 1572 628 1572 628 1674 68 1674 handwriting 0