192 158 224 158 224 198 192 198 handwriting 0
832 438 988 438 988 494 832 494 handwriting 0
530 190 554 190 554 214 530 214 handwriting 0
192 402 230 402 230 443.99999999999994 192 443.99999999999994 handwriting 0
36 278 150 278 150 332 36 332 handwriting 0
38 182 162 182 162 232 38 232 handwriting 0
192 658 232 658 232 692 192 692 handwriting 0
36 670 182 670 182 730 36 730 handwriting 0
34 776 240 776 240 862 34 862 handwriting 0
192 1146 232 1146 232 1176 192 1176 handwriting 0
188 900 232 900 232 936 188 936 handwriting 0
34 918 194 918 194 976.0000000000001 34 976.0000000000001 handwriting 0
188 1392 238 1392 238 1420 188 1420 handwriting 0