329 546 350 546 350 562 329 562 handwriting 0
187 547 198 547 198 564 187 564 handwriting 0
47 620 67 620 67 722 47 722 handwriting 0
401 643 421 643 421 665 401 665 handwriting 0
298 767 318 767 318 788.9999999999999 298 788.9999999999999 handwriting 0
403 581 420 581 420 602 403 602 handwriting 0
561 613 583 613 583 635 561 635 handwriting 0
658 674 878 674 878 723 658 723 handwriting 0
653 755 838 755 838 802 653 802 handwriting 0
654 556 939 556 939 640 654 640 handwriting 0
655 425 935 425 935 476 655 476 handwriting 0