65 1031 222 1031 222 1090 65 1090 handwriting 0
60 1126 214 1126 214 1182 60 1182 handwriting 0
75 259 175 259 175 284 75 284 handwriting 0
276 435 352 435 352 451.99999999999994 276 451.99999999999994 handwriting 0
400 435 489 435 489 454.00000000000006 400 454.00000000000006 handwriting 0
535 437 595 437 595 460 535 460 handwriting 0
650 438.99999999999994 730 438.99999999999994 730 458 650 458 handwriting 0
648 406 894 406 894 429.00000000000006 648 429.00000000000006 handwriting 0
771 444 868 444 868 463.99999999999994 771 463.99999999999994 handwriting 0
228 571 382 571 382 592 228 592 handwriting 0
226 501.99999999999994 471 501.99999999999994 471 525 226 525 handwriting 0
320 469 769 469 769 498 320 498 handwriting 0
786 511 906 511 906 530 786 530 handwriting 0
510 505 578 505 578 524 510 524 handwriting 0
390 536 754 536 754 563 390 563 handwriting 0