84 455 121 455 121 489 84 489 handwriting 0
11 899 111 899 111 939.0000000000001 11 939.0000000000001 handwriting 0
933 982 986 982 986 1192 933 1192 handwriting 0
541 1225 806 1225 806 1264 541 1264 handwriting 0
71 1194 529 1194 529 1286 71 1286 handwriting 0
717 805 848 805 848 823 717 823 handwriting 0
721 765 963 765 963 795 721 795 handwriting 0
790 449.99999999999994 901 449.99999999999994 901 474.99999999999994 790 474.99999999999994 handwriting 0
720 413.00000000000006 990 413.00000000000006 990 458 720 458 handwriting 0
926 270 951 270 951 305 926 305 handwriting 0
781 164.99999999999997 988 164.99999999999997 988 183 781 183 handwriting 0
775 129 985 129 985 157 775 157 handwriting 0
94 93 126 93 126 127 94 127 handwriting 0
91 346 123 346 123 427 91 427 handwriting 0
808 1160 832 1160 832 1187 808 1187 handwriting 0