258 676 305 676 305 696 258 696 handwriting 0
379 709 543 709 543 729 379 729 handwriting 0
481 654 508 654 508 667 481 667 handwriting 0
604 709 660 709 660 727 604 727 handwriting 0
504 735 575 735 575 754.9999999999999 504 754.9999999999999 handwriting 0
716 728 941 728 941 769 716 769 handwriting 0
719 632 948 632 948 695 719 695 handwriting 0
235 451 299 451 299 471 235 471 handwriting 0
160 313 205 313 205 328 160 328 handwriting 0
231 340 250 340 250 382 231 382 handwriting 0
330 280 403 280 403 300 330 300 handwriting 0
65 145 135 145 135 177 65 177 handwriting 0
192 144 218 144 218 160 192 160 handwriting 0
632 70 703 70 703 100.99999999999999 632 100.99999999999999 handwriting 0
360 193 560 193 560 217 360 217 handwriting 0
429 253 477 253 477 273 429 273 handwriting 0
718 330 957 330 957 370 718 370 handwriting 0
694 259 716 259 716 287 694 287 handwriting 0
853 39 904 39 904 70 853 70 handwriting 0