705 705 802 705 802 731 705 731 handwriting 0
126 1058 176 1058 176 1097 126 1097 handwriting 0
203 1084 265 1084 265 1118 203 1118 handwriting 0
110 1393 181 1393 181 1437 110 1437 handwriting 0
262 1267 284 1267 284 1300 262 1300 handwriting 0
249 1226 268 1226 268 1266 249 1266 handwriting 0
266 1195 294 1195 294 1223 266 1223 handwriting 0
199 1554 417 1554 417 1601 199 1601 handwriting 0
339 1461 592 1461 592 1501 339 1501 handwriting 0
692 1275 843 1275 843 1316 692 1316 handwriting 0
509 1343 769 1343 769 1382 509 1382 handwriting 0
581 1375 956 1375 956 1444 581 1444 handwriting 0
448 1083 938 1083 938 1244 448 1244 handwriting 0
730 989 945 989 945 1073 730 1073 handwriting 0