451 136 976 136 976 185 451 185 handwriting 0
634 226 877 226 877 273 634 273 handwriting 0
63 186 250 186 250 319 63 319 handwriting 0
73 304 412 304 412 379.99999999999994 73 379.99999999999994 handwriting 0
64 377 241 377 241 488 64 488 handwriting 0
54 516 141 516 141 566 54 566 handwriting 0
630 716 748 716 748 754 630 754 handwriting 0
554 944 571 944 571 964.0000000000001 554 964.0000000000001 handwriting 0
87 857.0000000000001 220 857.0000000000001 220 898 87 898 handwriting 0
524 481 977 481 977 647 524 647 handwriting 0
377 1150 423 1150 423 1192 377 1192 handwriting 0
90 1269 925 1269 925 1486 90 1486 handwriting 0