11 94 256 94 256 146 11 146 handwriting 0
17 211 172 211 172 252.00000000000003 17 252.00000000000003 handwriting 0
20 296 53 296 53 325 20 325 handwriting 0
96 296 185 296 185 748 96 748 handwriting 0
19 780 150 780 150 845.0000000000001 19 845.0000000000001 handwriting 0
16 893 77 893 77 914 16 914 handwriting 0
84 903 179 903 179 1555 84 1555 handwriting 0
104 1554 201 1554 201 1595 104 1595 handwriting 0
277 1476 432 1476 432 1594 277 1594 handwriting 0
517 1493 680 1493 680 1594 517 1594 handwriting 0
729 1497 800 1497 800 1549 729 1549 handwriting 0