524 645 567 645 567 676.0000000000001 524 676.0000000000001 handwriting 0
588 937 633 937 633 968 588 968 handwriting 0
697 862 725 862 725 894 697 894 handwriting 0
646 443.99999999999994 689 443.99999999999994 689 472 646 472 handwriting 0
265 185 321 185 321 214.99999999999997 265 214.99999999999997 handwriting 0
236 329 295 329 295 362 236 362 handwriting 0
226 433 266 433 266 469 226 469 handwriting 0
56 518 105 518 105 550 56 550 handwriting 0
258 547 325 547 325 572 258 572 handwriting 0
86 908.9999999999999 137 908.9999999999999 137 937 86 937 handwriting 0
592 1130 643 1130 643 1160 592 1160 handwriting 0