56 439.99999999999994 110 439.99999999999994 110 613 56 613 handwriting 0
281 510 945 510 945 558 281 558 handwriting 0
834 560 925 560 925 598 834 598 handwriting 0
824 703 916 703 916 762 824 762 handwriting 0
833 844 927 844 927 897.9999999999999 833 897.9999999999999 handwriting 0
827 1010 863 1010 863 1039 827 1039 handwriting 0
817 1101 911 1101 911 1135 817 1135 handwriting 0
826 1221 926 1221 926 1254 826 1254 handwriting 0
819 1321 946 1321 946 1360 819 1360 handwriting 0
841 137 948 137 948 169 841 169 handwriting 0
834 270 924 270 924 303 834 303 handwriting 0
834 430.00000000000006 922 430.00000000000006 922 463.99999999999994 834 463.99999999999994 handwriting 0