190 683 217 683 217 711 190 711 handwriting 0
171 798 214 798 214 832 171 832 handwriting 0
269 837 305 837 305 865 269 865 handwriting 0
301 791 340 791 340 829.9999999999999 301 829.9999999999999 handwriting 0
393 716 433 716 433 743 393 743 handwriting 0
470 675 507 675 507 705 470 705 handwriting 0
329 670 375 670 375 700 329 700 handwriting 0
240 699 281 699 281 748 240 748 handwriting 0
275 594 321 594 321 631 275 631 handwriting 0
365 596 403 596 403 620 365 620 handwriting 0
177 590 205 590 205 629 177 629 handwriting 0
173 547 187 547 187 582 173 582 handwriting 0
294 519 314 519 314 540 294 540 handwriting 0
381 505.00000000000006 407 505.00000000000006 407 521 381 521 handwriting 0
306 553 338 553 338 585 306 585 handwriting 0
385 834.9999999999999 422 834.9999999999999 422 866.0000000000001 385 866.0000000000001 handwriting 0