249 702 908 702 908 761 249 761 handwriting 0
246 565 864 565 864 625 246 625 handwriting 0
311 304 718 304 718 343 311 343 handwriting 0
54 23 254 23 254 192 54 192 handwriting 0
274 9 974 9 974 68 274 68 handwriting 0
446 61 970 61 970 137 446 137 handwriting 0
283 129 973 129 973 235 283 235 handwriting 0
191 850.0000000000001 959 850.0000000000001 959 957 191 957 handwriting 0
439 959 931 959 931 1002 439 1002 handwriting 0
668 1020 715 1020 715 1058 668 1058 handwriting 0
725 1136 970 1136 970 1187 725 1187 handwriting 0
108 1255 969 1255 969 1444 108 1444 handwriting 0