307 239 967 239 967 301 307 301 handwriting 0
235 376 790 376 790 432 235 432 handwriting 0
64 368 223 368 223 1110 64 1110 handwriting 0
209 751 965 751 965 806 209 806 handwriting 0
907 706 964 706 964 759 907 759 handwriting 0
269 950 940 950 940 1043 269 1043 handwriting 0
288 1099 944 1099 944 1153 288 1153 handwriting 0
550 1164 963 1164 963 1252 550 1252 handwriting 0
89 1253 962 1253 962 1514 89 1514 handwriting 0
470 637 592 637 592 670 470 670 handwriting 0
209 530 769 530 769 587 209 587 handwriting 0