142 1008 535 1008 535 1036 142 1036 handwriting 0
164 972 666 972 666 1004 164 1004 handwriting 0
143 928 247 928 247 952.0000000000001 143 952.0000000000001 handwriting 0
339 932 610 932 610 956.0000000000001 339 956.0000000000001 handwriting 0
172 890 678 890 678 918 172 918 handwriting 0
143 846 550 846 550 877 143 877 handwriting 0
168 804.0000000000001 651 804.0000000000001 651 843 168 843 handwriting 0
136 764.0000000000001 342 764.0000000000001 342 793 136 793 handwriting 0
390 770 636 770 636 796 390 796 handwriting 0
159 726 533 726 533 747 159 747 handwriting 0
101 687 245 687 245 707 101 707 handwriting 0
107 642 387 642 387 672 107 672 handwriting 0
397 650 672 650 672 683 397 683 handwriting 0
102 604 159 604 159 622 102 622 handwriting 0
546 579 668 579 668 598 546 598 handwriting 0
106 562 459 562 459 591 106 591 handwriting 0
518 534 646 534 646 558 518 558 handwriting 0
594 497.99999999999994 663 497.99999999999994 663 520 594 520 handwriting 0
113 521 435 521 435 550 113 550 handwriting 0
211 483 492 483 492 509 211 509 handwriting 0
374 450.99999999999994 675 450.99999999999994 675 475 374 475 handwriting 0
107 439 356 439 356 466 107 466 handwriting 0
453 412.99999999999994 676 412.99999999999994 676 434 453 434 handwriting 0
103 402.00000000000006 421 402.00000000000006 421 429.00000000000006 103 429.00000000000006 handwriting 0
264 324 566 324 566 353 264 353 handwriting 0
548 252 737 252 737 278 548 278 handwriting 0
450 248.99999999999997 505 248.99999999999997 505 266 450 266 handwriting 0
306 248.00000000000003 372 248.00000000000003 372 267 306 267 handwriting 0
113 237 223 237 223 261 113 261 handwriting 0
106 276 276 276 276 305 106 305 handwriting 0
320 283 459 283 459 306 320 306 handwriting 0
118 358 395 358 395 389 118 389 handwriting 0
409 369 672 369 672 398 409 398 handwriting 0
110 104 575 104 575 147 110 147 handwriting 0
119 156 541 156 541 190 119 190 handwriting 0
117 196 315 196 315 224 117 224 handwriting 0
361 204 695 204 695 239.99999999999997 361 239.99999999999997 handwriting 0
638 169 666 169 666 188 638 188 handwriting 0