582 924 620 924 620 959 582 959 handwriting 0
677 930 694 930 694 954 677 954 handwriting 0
531 1046 590 1046 590 1081 531 1081 handwriting 0
587 1101 600 1101 600 1117 587 1117 handwriting 0
787 955 802 955 802 980 787 980 handwriting 0
677 891 706 891 706 912 677 912 handwriting 0
611 875 635 875 635 891 611 891 handwriting 0
637 760 661 760 661 793 637 793 handwriting 0
651 692 677 692 677 709.9999999999999 651 709.9999999999999 handwriting 0
905 600 981 600 981 643 905 643 handwriting 0
837 529 854 529 854 547 837 547 handwriting 0
594 451.99999999999994 617 451.99999999999994 617 467 594 467 handwriting 0
679 451.99999999999994 702 451.99999999999994 702 466 679 466 handwriting 0
799 140 829 140 829 164 799 164 handwriting 0
834 39 861 39 861 59 834 59 handwriting 0
683 42 711 42 711 59 683 59 handwriting 0
691 101 728 101 728 125 691 125 handwriting 0
556 81 595 81 595 98 556 98 handwriting 0
273 977 313 977 313 994 273 994 handwriting 0
122 1039 149 1039 149 1054 122 1054 handwriting 0
234 914 254 914 254 934 234 934 handwriting 0
389 956 412 956 412 975 389 975 handwriting 0
164 775 179 775 179 790 164 790 handwriting 0
169 814 188 814 188 830.9999999999999 169 830.9999999999999 handwriting 0
335 812 357 812 357 830.9999999999999 335 830.9999999999999 handwriting 0
194 564 222 564 222 609 194 609 handwriting 0
211 369 233 369 233 390 211 390 handwriting 0
189 273 221 273 221 302 189 302 handwriting 0
272 367.00000000000006 295 367.00000000000006 295 383.99999999999994 272 383.99999999999994 handwriting 0
304 347 332 347 332 364 304 364 handwriting 0
191 74 233 74 233 107 191 107 handwriting 0