401 261 648 261 648 304 401 304 handwriting 0
460 359 541 359 541 380 460 380 handwriting 0
224 334 312 334 312 373 224 373 handwriting 0
339 483 606 483 606 530 339 530 handwriting 0
351 558 613 558 613 585 351 585 handwriting 0
393 599 480 599 480 624 393 624 handwriting 0
531 604 658 604 658 631 531 631 handwriting 0
709 648 852 648 852 691 709 691 handwriting 0
379 641 685 641 685 668 379 668 handwriting 0
599 687 695 687 695 715 599 715 handwriting 0
360 684 540 684 540 708 360 708 handwriting 0
137 751 208 751 208 773 137 773 handwriting 0
272 757.9999999999999 687 757.9999999999999 687 791 272 791 handwriting 0
659 726.0000000000001 702 726.0000000000001 702 746 659 746 handwriting 0
500 727 627 727 627 749 500 749 handwriting 0
360 724 446 724 446 748.0000000000001 360 748.0000000000001 handwriting 0
519 846.9999999999999 569 846.9999999999999 569 871 519 871 handwriting 0
109 841 425 841 425 867 109 867 handwriting 0
118 799.0000000000001 158 799.0000000000001 158 823 118 823 handwriting 0
203 801 541 801 541 831.0000000000001 203 831.0000000000001 handwriting 0
583 810 679 810 679 833 583 833 handwriting 0
529 888.0000000000001 652 888.0000000000001 652 913 529 913 handwriting 0
546 930 646 930 646 954.9999999999999 546 954.9999999999999 handwriting 0
697 941 822 941 822 975 697 975 handwriting 0
122 881 223 881 223 908 122 908 handwriting 0
120 922 197 922 197 947 120 947 handwriting 0
286 883 500 883 500 913 286 913 handwriting 0
237 924 510 924 510 954 237 954 handwriting 0