189 939 233 939 233 961 189 961 handwriting 0
317 816 366 816 366 832 317 832 handwriting 0
405 677 454 677 454 702 405 702 handwriting 0
349 755 366 755 366 769 349 769 handwriting 0
179 990 202 990 202 1017 179 1017 handwriting 0
344 1226 409 1226 409 1261 344 1261 handwriting 0
698 1249 715 1249 715 1266 698 1266 handwriting 0
751 1229 983 1229 983 1284 751 1284 handwriting 0
786 993 970 993 970 1058 786 1058 handwriting 0
831 674 967 674 967 861.0000000000001 831 861.0000000000001 handwriting 0
189 191 220 191 220 217.00000000000003 189 217.00000000000003 handwriting 0