344 943 427 943 427 965 344 965 handwriting 0
333 974 887 974 887 1004 333 1004 handwriting 0
497 934 729 934 729 959.0000000000001 497 959.0000000000001 handwriting 0
761 929.0000000000001 885 929.0000000000001 885 956.0000000000001 761 956.0000000000001 handwriting 0
673 890.9999999999999 907 890.9999999999999 907 915 673 915 handwriting 0
824 852.9999999999999 895 852.9999999999999 895 879 824 879 handwriting 0
358 898.9999999999999 551 898.9999999999999 551 920 358 920 handwriting 0
355 856.0000000000001 514 856.0000000000001 514 881 355 881 handwriting 0
569 854 790 854 790 876 569 876 handwriting 0
355 819 676 819 676 840.0000000000001 355 840.0000000000001 handwriting 0
731 813 900 813 900 833.9999999999999 731 833.9999999999999 handwriting 0
361 776 854 776 854 803 361 803 handwriting 0
346 733 857 733 857 764.0000000000001 346 764.0000000000001 handwriting 0
338 698.9999999999999 698 698.9999999999999 698 723 338 723 handwriting 0
571 461 777 461 777 481 571 481 handwriting 0
345 465 504 465 504 487 345 487 handwriting 0
348 499 701 499 701 534 348 534 handwriting 0
349 553 463 553 463 570 349 570 handwriting 0
340 587 562 587 562 607 340 607 handwriting 0
345 622 706 622 706 646 345 646 handwriting 0
342 662 476 662 476 687 342 687 handwriting 0
550 658 892 658 892 681 550 681 handwriting 0
818 614 841 614 841 647 818 647 handwriting 0
585 579 891 579 891 603 585 603 handwriting 0
534 536 865 536 865 565 534 565 handwriting 0
348 431 396 431 396 450 348 450 handwriting 0
355 384 467 384 467 408 355 408 handwriting 0
532 383 683 383 683 408.99999999999994 532 408.99999999999994 handwriting 0
760 380 906 380 906 410 760 410 handwriting 0
696 424.00000000000006 921 424.00000000000006 921 445 696 445 handwriting 0
468 423 647 423 647 447.00000000000006 468 447.00000000000006 handwriting 0
310 341 573 341 573 366.99999999999994 310 366.99999999999994 handwriting 0
734 343.99999999999994 880 343.99999999999994 880 357 734 357 handwriting 0
458 304 500 304 500 330 458 330 handwriting 0
575 302 923 302 923 329 575 329 handwriting 0
690 260 911 260 911 288 690 288 handwriting 0
694 225 883 225 883 249 694 249 handwriting 0
328 269 662 269 662 293 328 293 handwriting 0
341 226 442 226 442 250 341 250 handwriting 0
488 233 518 233 518 247 488 247 handwriting 0
581 221 657 221 657 248 581 248 handwriting 0
426 99 661 99 661 122 426 122 handwriting 0
701 96 898 96 898 133 701 133 handwriting 0
348 148 896 148 896 181 348 181 handwriting 0
674 186 925 186 925 210.00000000000003 674 210.00000000000003 handwriting 0
343 194 411 194 411 213 343 213 handwriting 0
459 187.00000000000003 606 187.00000000000003 606 210.00000000000003 459 210.00000000000003 handwriting 0