304 652 403 652 403 684 304 684 handwriting 0
89 925 121 925 121 967 89 967 handwriting 0
240 953.0000000000001 292 953.0000000000001 292 979.9999999999999 240 979.9999999999999 handwriting 0
408 972 460 972 460 1004.9999999999999 408 1004.9999999999999 handwriting 0
719 888.9999999999999 851 888.9999999999999 851 1083 719 1083 handwriting 0
736 578 755 578 755 623 736 623 handwriting 0
638 589 674 589 674 615 638 615 handwriting 0
459 533 499 533 499 556 459 556 handwriting 0
100 300 427 300 427 344 100 344 handwriting 0
616 305 825 305 825 370 616 370 handwriting 0
684 363 983 363 983 439.99999999999994 684 439.99999999999994 handwriting 0
726 495 876 495 876 531 726 531 handwriting 0
435 741 482 741 482 775 435 775 handwriting 0