866 250 988 250 988 289 866 289 handwriting 0
753 173.00000000000003 903 173.00000000000003 903 202 753 202 handwriting 0
396 414 495 414 495 442 396 442 handwriting 0
312 449 501 449 501 476 312 476 handwriting 0
341 486 477 486 477 510 341 510 handwriting 0
843 536 891 536 891 572 843 572 handwriting 0
328 862 426 862 426 884 328 884 handwriting 0
220 821 501 821 501 849 220 849 handwriting 0
280 753.0000000000001 499 753.0000000000001 499 786 280 786 handwriting 0
411 644 499 644 499 674.9999999999999 411 674.9999999999999 handwriting 0
164 611 516 611 516 638 164 638 handwriting 0
74 329 106 329 106 354 74 354 handwriting 0
53 805.0000000000001 90 805.0000000000001 90 873 53 873 handwriting 0
361 1096 516 1096 516 1125 361 1125 handwriting 0
215 1058 515 1058 515 1095 215 1095 handwriting 0
15 1216 493 1216 493 1292 15 1292 handwriting 0
46 1062 87 1062 87 1098 46 1098 handwriting 0
929 711 986 711 986 928 929 928 handwriting 0