66 1049 189 1049 189 1159 66 1159 handwriting 0
353 1067 426 1067 426 1083 353 1083 handwriting 0
253 706 268 706 268 733 253 733 handwriting 0
756 986 878 986 878 1045 756 1045 handwriting 0
709 1113 908 1113 908 1156 709 1156 handwriting 0
734 1263 803 1263 803 1292 734 1292 handwriting 0
759 1466 960 1466 960 1534 759 1534 handwriting 0
699 1400 823 1400 823 1457 699 1457 handwriting 0
143 1577 758 1577 758 1655 143 1655 handwriting 0
581 870 906 870 906 949 581 949 handwriting 0
711 817 948 817 948 870.9999999999999 711 870.9999999999999 handwriting 0
673 710 969 710 969 784 673 784 handwriting 0
556 309 959 309 959 440.99999999999994 556 440.99999999999994 handwriting 0
510 206 874 206 874 284 510 284 handwriting 0