767 1481 968 1481 968 1539 767 1539 handwriting 0
397 1210 615 1210 615 1250 397 1250 handwriting 0
670 1219 727 1219 727 1237 670 1237 handwriting 0
397 1167 889 1167 889 1200 397 1200 handwriting 0
107 885.9999999999999 974 885.9999999999999 974 945 107 945 handwriting 0
367 810 909 810 909 838 367 838 handwriting 0
816 836.0000000000001 978 836.0000000000001 978 863.9999999999999 816 863.9999999999999 handwriting 0
743 859 781 859 781 884 743 884 handwriting 0
741 658 965 658 965 705 741 705 handwriting 0
563 523 796 523 796 555 563 555 handwriting 0
743 440.00000000000006 972 440.00000000000006 972 463 743 463 handwriting 0
431 394 629 394 629 419 431 419 handwriting 0
747 307 978 307 978 365 747 365 handwriting 0
421 267 575 267 575 289 421 289 handwriting 0
164 184 816 184 816 215 164 215 handwriting 0
559 233 670 233 670 251 559 251 handwriting 0
270 227.00000000000003 292 227.00000000000003 292 244.99999999999997 270 244.99999999999997 handwriting 0