566 1274 798 1274 798 1308 566 1308 handwriting 0
927.9999999999999 1318 1518 1318 1518 1356 927.9999999999999 1356 handwriting 0
1442 1354 1518 1354 1518 1404 1442 1404 handwriting 0
1086 596 1544 596 1544 635 1086 635 handwriting 0
907 712 1114 712 1114 748 907 748 handwriting 0
574 878 1157 878 1157 917 574 917 handwriting 0
282 816 533 816 533 859 282 859 handwriting 0
280 758 545 758 545 803 280 803 handwriting 0
272 470 637 470 637 646 272 646 handwriting 0
269 658 580 658 580 698 269 698 handwriting 0
272 704 485 704 485 754 272 754 handwriting 0
526 1383 1154 1383 1154 1423 526 1423 handwriting 0
1074 1434 1421 1434 1421 1473 1074 1473 handwriting 0
618 1494 1049 1494 1049 1531 618 1531 handwriting 0
768 1554 1486 1554 1486 1592 768 1592 handwriting 0
322 1836 1501 1836 1501 1973 322 1973 handwriting 0
560 432 857.0000000000001 432 857.0000000000001 467 560 467 handwriting 0
1192 374 1478 374 1478 413 1192 413 handwriting 0
260 138 548 138 548 450 260 450 handwriting 0
572 138 1439 138 1439 208 572 208 handwriting 0