482 2617 527 2617 527 2892 482 2892 handwriting 0
229.99999999999997 2460 525 2460 525 2530 229.99999999999997 2530 handwriting 0
250 2237 510 2237 510 2312 250 2312 handwriting 0
167 1837 479 1837 479 2033 167 2033 handwriting 0
257 2027 513 2027 513 2106 257 2106 handwriting 0
193 2850 487 2850 487 3017.0000000000005 193 3017.0000000000005 handwriting 0
240 3283 504 3283 504 3353 240 3353 handwriting 0
604 1230 757 1230 757 1282 604 1282 handwriting 0
846 883 1157 883 1157 956 846 956 handwriting 0
725 897 837 897 837 1003 725 1003 handwriting 0
322 593 443 593 443 668 322 668 handwriting 0
103 1179 473 1179 473 1547 103 1547 handwriting 0
2437 377 2560 377 2560 476 2437 476 handwriting 0
2518 1310 2577 1310 2577 1654 2518 1654 handwriting 0
2573 1500 3089 1500 3089 1768 2573 1768 handwriting 0
2617 813 3183 813 3183 977 2617 977 handwriting 0
2727 2150 3181 2150 3181 2429 2727 2429 handwriting 0
2937 3357 3132 3357 3132 3465 2937 3465 handwriting 0
2633 3213 3152 3213 3152 3323 2633 3323 handwriting 0