522 786 794 786 794 825 522 825 handwriting 0
98 948 347 948 347 991 98 991 handwriting 0
455.99999999999994 946 838 946 838 997 455.99999999999994 997 handwriting 0
610 1068 903 1068 903 1102 610 1102 handwriting 0
318 1112 915.9999999999999 1112 915.9999999999999 1159 318 1159 handwriting 0
78 1166 261 1166 261 1208 78 1208 handwriting 0
434.00000000000006 1228 861.9999999999999 1228 861.9999999999999 1274 434.00000000000006 1274 handwriting 0
70 1334 268 1334 268 1381 70 1381 handwriting 0
80 1274 1020.9999999999999 1274 1020.9999999999999 1320 80 1320 handwriting 0
606 1336 1008 1336 1008 1380 606 1380 handwriting 0
92 1388 549 1388 549 1430 92 1430 handwriting 0
578 1398 981.0000000000001 1398 981.0000000000001 1435 578 1435 handwriting 0
74 1444 620 1444 620 1483 74 1483 handwriting 0
624 1452 1002 1452 1002 1490 624 1490 handwriting 0
78 1500 674 1500 674 1537 78 1537 handwriting 0
538 1726 742 1726 742 1764 538 1764 handwriting 0
72 1782 1292 1782 1292 2026 72 2026 handwriting 0
102 122 1325 122 1325 261 102 261 handwriting 0
1003 255 1333 255 1333 1775 1003 1775 handwriting 0
854 965 896 965 896 997 854 997 handwriting 0