513 3110 707 3110 707 3255 513 3255 handwriting 0
486.99999999999994 2840 767 2840 767 3015 486.99999999999994 3015 handwriting 0
523 2570 1020 2570 1020 2735 523 2735 handwriting 0
463 2233 979 2233 979 2343 463 2343 handwriting 0
503.00000000000006 1943 850 1943 850 2039 503.00000000000006 2039 handwriting 0
981 1910 1038 1910 1038 2069 981 2069 handwriting 0
737 1450.0000000000002 1029 1450.0000000000002 1029 1715 737 1715 handwriting 0
482.99999999999994 822.9999999999999 1049 822.9999999999999 1049 1061 482.99999999999994 1061 handwriting 0
1953 363 2134 363 2134 500.00000000000006 1953 500.00000000000006 handwriting 0
3153 780.0000000000001 3310 780.0000000000001 3310 886.0000000000001 3153 886.0000000000001 handwriting 0
3110 1820 3442 1820 3442 2098 3110 2098 handwriting 0
3091 2623 3217 2623 3217 2784 3091 2784 handwriting 0