819 2490 880 2490 880 2764 819 2764 handwriting 0
583 2723 835 2723 835 2823 583 2823 handwriting 0
603 3097 907 3097 907 3182 603 3182 handwriting 0
600 2287 855 2287 855 2561 600 2561 handwriting 0
250 1827 883 1827 883 2006 250 2006 handwriting 0
358 1550 600 1550 600 1644 358 1644 handwriting 0
400 573 920 573 920 1110 400 1110 handwriting 0
2958 750 3215 750 3215 841 2958 841 handwriting 0
2952 887 3273 887 3273 1558 2952 1558 handwriting 0
2953 1967 3282 1967 3282 2105 2953 2105 handwriting 0
2998 2277 3120 2277 3120 2334 2998 2334 handwriting 0
2997 2557 3103 2557 3103 2642 2997 2642 handwriting 0
2999 2777 3093 2777 3093 2861 2999 2861 handwriting 0
2993 2927 3098 2927 3098 3013 2993 3013 handwriting 0
2991 3220 3090 3220 3090 3293 2991 3293 handwriting 0
2963 3430 3270 3430 3270 3763 2963 3763 handwriting 0