538 972 612 972 612 1008 538 1008 handwriting 0
1402 966 1470 966 1470 999 1402 999 handwriting 0
1272 794 1397 794 1397 833 1272 833 handwriting 0
754 460 888 460 888 497 754 497 handwriting 0
722 626 1081 626 1081 662 722 662 handwriting 0
762 848 1521 848 1521 892 762 892 handwriting 0
1318 1296 1469 1296 1469 1335 1318 1335 handwriting 0
1094 1462 1297 1462 1297 1506 1094 1506 handwriting 0
696 1700 890.0000000000001 1700 890.0000000000001 1747 696 1747 handwriting 0
516 1356 1304 1356 1304 1403 516 1403 handwriting 0
928 1418 1072 1418 1072 1459 928 1459 handwriting 0