1900 340 2002 340 2002 497 1900 497 handwriting 0
257 1130 804 1130 804 1291 257 1291 handwriting 0
1886.9999999999998 3117 1969 3117 1969 3465.0000000000005 1886.9999999999998 3465.0000000000005 handwriting 0
507 2977 830 2977 830 3083 507 3083 handwriting 0
247 3390 818 3390 818 3601.0000000000005 247 3601.0000000000005 handwriting 0
242.99999999999997 1880 880 1880 880 1994 242.99999999999997 1994 handwriting 0
286 2063 446.99999999999994 2063 446.99999999999994 2172 286 2172 handwriting 0
300 2233 804 2233 804 2484 300 2484 handwriting 0
2981 833 3295 833 3295 1216.9999999999998 2981 1216.9999999999998 handwriting 0
2953 2170 3148 2170 3148 2342 2953 2342 handwriting 0
2957 2386.9999999999995 3286 2386.9999999999995 3286 2546 2957 2546 handwriting 0
2960 2606.9999999999995 3227 2606.9999999999995 3227 2771 2960 2771 handwriting 0
2917 3117 2962 3117 2962 3488 2917 3488 handwriting 0
2980 2857 3291 2857 3291 3081 2980 3081 handwriting 0
2982 3137 3203 3137 3203 3218 2982 3218 handwriting 0
2973 3437 3255 3437 3255 3948 2973 3948 handwriting 0