2946.0000000000005 2377 3307 2377 3307 2600 2946.0000000000005 2600 handwriting 0
3106 2990 3280 2990 3280 3170 3106 3170 handwriting 0
3217 3383 3435 3383 3435 3932.9999999999995 3217 3932.9999999999995 handwriting 0
1941 2170 2327 2170 2327 2512 1941 2512 handwriting 0
1204 2387 1520 2387 1520 2607 1204 2607 handwriting 0
830 2670 1080 2670 1080 3067 830 3067 handwriting 0
694 3396.9999999999995 830 3396.9999999999995 830 3586.0000000000005 694 3586.0000000000005 handwriting 0
575 3840 907 3840 907 4063.0000000000005 575 4063.0000000000005 handwriting 0
1193 4557 1450.0000000000002 4557 1450.0000000000002 4805 1193 4805 handwriting 0
1654 5060 1880 5060 1880 5312 1654 5312 handwriting 0
2368 5050 2667 5050 2667 5268 2368 5268 handwriting 0
2865 4263 3123 4263 3123 4561 2865 4561 handwriting 0