95 800 313 800 313 941 95 941 handwriting 0
1457 253 1659 253 1659 485 1457 485 handwriting 0
1780 417 2006 417 2006 535 1780 535 handwriting 0
2390 327 2566 327 2566 454 2390 454 handwriting 0
2507 923.0000000000001 3156 923.0000000000001 3156 1214 2507 1214 handwriting 0
2557 1733 3172 1733 3172 1851.9999999999998 2557 1851.9999999999998 handwriting 0
2543 2120 3178 2120 3178 2404 2543 2404 handwriting 0
2553 2490 2629 2490 2629 2755 2553 2755 handwriting 0
2573 2947 3211 2947 3211 3548 2573 3548 handwriting 0
448 3023 537 3023 537 3243 448 3243 handwriting 0
145 3063 303 3063 303 3334 145 3334 handwriting 0
163 3347 401 3347 401 3519 163 3519 handwriting 0
70 1797 510 1797 510 2007 70 2007 handwriting 0
430 1490 503.99999999999994 1490 503.99999999999994 1774 430 1774 handwriting 0