66 1784 116 1784 116 1838 66 1838 handwriting 0
72 1830 1293 1830 1293 2001 72 2001 handwriting 0
90 912 312 912 312 959 90 959 handwriting 0
636 760 1075 760 1075 802 636 802 handwriting 0
486 642 1122 642 1122 684 486 684 handwriting 0
100 586 1049 586 1049 631 100 631 handwriting 0
592 478 734 478 734 508 592 508 handwriting 0
278 530 480 530 480 569 278 569 handwriting 0
716 528 1260 528 1260 574 716 574 handwriting 0
854 98 1312 98 1312 276 854 276 handwriting 0
100 214 333 214 333 261 100 261 handwriting 0
98 82 829 82 829 191 98 191 handwriting 0