287 2823 880 2823 880 3019 287 3019 handwriting 0
710 3337 869 3337 869 3503 710 3503 handwriting 0
840 3180 882 3180 882 3332 840 3332 handwriting 0
530 2323 798 2323 798 2410 530 2410 handwriting 0
557 2590 828 2590 828 2672 557 2672 handwriting 0
303 1820 901 1820 901 1984 303 1984 handwriting 0
249.99999999999997 1423 878 1423 878 1543 249.99999999999997 1543 handwriting 0
487 900 781 900 781 1008.9999999999999 487 1008.9999999999999 handwriting 0
499.99999999999994 1060 887.0000000000001 1060 887.0000000000001 1314 499.99999999999994 1314 handwriting 0
1813 347 1876.0000000000002 347 1876.0000000000002 493.99999999999994 1813 493.99999999999994 handwriting 0
2947 767 3228 767 3228 890 2947 890 handwriting 0
2960 2157 3242 2157 3242 2295 2960 2295 handwriting 0
2957 1643 3275 1643 3275 1850.0000000000002 2957 1850.0000000000002 handwriting 0
2933 3430 3210 3430 3210 3564.0000000000005 2933 3564.0000000000005 handwriting 0