261 2333 510 2333 510 2493 261 2493 handwriting 0
143 2587 522 2587 522 2771 143 2771 handwriting 0
187 853 427 853 427 1018 187 1018 handwriting 0
1403 340 1553 340 1553 457 1403 457 handwriting 0
2421 383 2547 383 2547 525 2421 525 handwriting 0
2633 1023 3171 1023 3171 1117 2633 1117 handwriting 0
2528 1477 2587 1477 2587 1722 2528 1722 handwriting 0
2658 1660 3083 1660 3083 1750 2658 1750 handwriting 0
2640 2560 3177 2560 3177 2692.0000000000005 2640 2692.0000000000005 handwriting 0
2630 2907 3178 2907 3178 3207 2630 3207 handwriting 0
132 3467 507 3467 507 3710 132 3710 handwriting 0
2655 1127 3153 1127 3153 1305 2655 1305 handwriting 0