254.00000000000003 2653 457 2653 457 2733 254.00000000000003 2733 handwriting 0
190 893 487 893 487 1125 190 1125 handwriting 0
160 527 478 527 478 753 160 753 handwriting 0
2444 360 2557 360 2557 448 2444 448 handwriting 0
1453 337 1577 337 1577 435 1453 435 handwriting 0
2640 607 3133 607 3133 699 2640 699 handwriting 0
2731 737 2993 737 2993 831 2731 831 handwriting 0
2707 1170 2960 1170 2960 1317.0000000000002 2707 1317.0000000000002 handwriting 0
2633 2727 3184 2727 3184 2896.9999999999995 2633 2896.9999999999995 handwriting 0
2643 3087 3206 3087 3206 3202 2643 3202 handwriting 0
2796 3343 3057 3343 3057 3454 2796 3454 handwriting 0
150 3540 518 3540 518 3751.9999999999995 150 3751.9999999999995 handwriting 0
177 3737 802 3737 802 3835 177 3835 handwriting 0