147 1323 493.00000000000006 1323 493.00000000000006 1514 147 1514 handwriting 0
132 1703 437 1703 437 1820 132 1820 handwriting 0
100 1960 487 1960 487 2355 100 2355 handwriting 0
134 2747 347 2747 347 2855 134 2855 handwriting 0
118.00000000000001 3049.9999999999995 500.00000000000006 3049.9999999999995 500.00000000000006 3304 118.00000000000001 3304 handwriting 0
170 3507 370 3507 370 3598 170 3598 handwriting 0
420 653 497 653 497 1196 420 1196 handwriting 0
1297 283 1926 283 1926 426 1297 426 handwriting 0
2407 330 2590 330 2590 464 2407 464 handwriting 0
2630 523 2847 523 2847 639 2630 639 handwriting 0
2570 722.9999999999999 3171 722.9999999999999 3171 972 2570 972 handwriting 0
2628 1033 2847 1033 2847 1133 2628 1133 handwriting 0
2553 1813 3079 1813 3079 2087 2553 2087 handwriting 0
2583 3250 3180 3250 3180 3644 2583 3644 handwriting 0