1250 343 1448 343 1448 449 1250 449 handwriting 0
2463 310 2543 310 2543 433 2463 433 handwriting 0
2563 647 3156 647 3156 890 2563 890 handwriting 0
2693 1609.9999999999998 2848 1609.9999999999998 2848 1717 2693 1717 handwriting 0
2691 1990 2857 1990 2857 2082 2691 2082 handwriting 0
2697 2633 2843 2633 2843 2762 2697 2762 handwriting 0
2726 3017.0000000000005 2850 3017.0000000000005 2850 3137.0000000000005 2726 3137.0000000000005 handwriting 0
219 3127 507 3127 507 3339 219 3339 handwriting 0
447 2260 514 2260 514 2557 447 2557 handwriting 0
180 1560 500 1560 500 1744 180 1744 handwriting 0
184 1816.9999999999998 520 1816.9999999999998 520 2084 184 2084 handwriting 0
443 1140 494 1140 494 1270 443 1270 handwriting 0