950 347 1122 347 1122 440.00000000000006 950 440.00000000000006 handwriting 0
223 603 482 603 482 725 223 725 handwriting 0
417 973 465 973 465 1148 417 1148 handwriting 0
2483 327 2602 327 2602 455 2483 455 handwriting 0
2673 667 2981 667 2981 827 2673 827 handwriting 0
2550 1467 3192 1467 3192 1703 2550 1703 handwriting 0
2557 1917 3180 1917 3180 2088 2557 2088 handwriting 0
2550 2877 2636 2877 2636 3767 2550 3767 handwriting 0
2617 3380 2743 3380 2743 3491.0000000000005 2617 3491.0000000000005 handwriting 0
2593 2740 3216 2740 3216 2908 2593 2908 handwriting 0
173 3587 501 3587 501 3720 173 3720 handwriting 0
187 3132.9999999999995 514 3132.9999999999995 514 3392 187 3392 handwriting 0
330 2813 503 2813 503 2994 330 2994 handwriting 0
187 2563 491 2563 491 2786 187 2786 handwriting 0
270 1583.0000000000002 427 1583.0000000000002 427 1765 270 1765 handwriting 0
203 1423 402 1423 402 1592 203 1592 handwriting 0
183 1780 437 1780 437 1950 183 1950 handwriting 0
163 2083 494 2083 494 2241 163 2241 handwriting 0
173 2327 498 2327 498 2515 173 2515 handwriting 0