1300 1668 1450 1668 1450 1706.0000000000002 1300 1706.0000000000002 handwriting 0
1092 1386 1460 1386 1460 1435 1092 1435 handwriting 0
566 1110 1462 1110 1462 1157 566 1157 handwriting 0
1318 446 1494 446 1494 523 1318 523 handwriting 0
608 486 1312 486 1312 538 608 538 handwriting 0
248 520 598 520 598 763 248 763 handwriting 0
300 770 670 770 670 816 300 816 handwriting 0
284 822 580 822 580 867 284 867 handwriting 0
287 876 600 876 600 939 287 939 handwriting 0
1337 534 1532 534 1532 583 1337 583 handwriting 0
607 554 1318 554 1318 604 607 604 handwriting 0
604 608 901.9999999999999 608 901.9999999999999 661 604 661 handwriting 0