453.99999999999994 1090 736 1090 736 1122 453.99999999999994 1122 handwriting 0
1037 913 1332 913 1332 1008 1037 1008 handwriting 0
542 696 1181 696 1181 729 542 729 handwriting 0
1042 242 1355 242 1355 352 1042 352 handwriting 0
681 922 738 922 738 952 681 952 handwriting 0
610 360 664 360 664 405 610 405 handwriting 0
932 312 972 312 972 345 932 345 handwriting 0
118 213 786 213 786 271 118 271 handwriting 0
596 112 1344 112 1344 211 596 211 handwriting 0
812 210 972 210 972 271 812 271 handwriting 0
72 1819 1305 1819 1305 1960 72 1960 handwriting 0