2577 2830 2728 2830 2728 2972 2577 2972 handwriting 0
2487 433 2651 433 2651 542 2487 542 handwriting 0
1453 323 1692 323 1692 547 1453 547 handwriting 0
2640 990 2945 990 2945 1197.9999999999998 2640 1197.9999999999998 handwriting 0
2590 1300 2830 1300 2830 1530 2590 1530 handwriting 0
153 3300 407 3300 407 3389 153 3389 handwriting 0
173 2000 274 2000 274 2163 173 2163 handwriting 0
123.00000000000001 2270 516 2270 516 2436 123.00000000000001 2436 handwriting 0
203 1583 394 1583 394 1696 203 1696 handwriting 0
193 1090 363 1090 363 1348 193 1348 handwriting 0
193 737.0000000000001 514 737.0000000000001 514 860 193 860 handwriting 0