930 1817 1024 1817 1024 2051 930 2051 handwriting 0
536 1900 710 1900 710 1983.9999999999998 536 1983.9999999999998 handwriting 0
480 1053 961 1053 961 1197.9999999999998 480 1197.9999999999998 handwriting 0
1000 350 1136 350 1136 460 1000 460 handwriting 0
1869.9999999999998 310 2092 310 2092 463 1869.9999999999998 463 handwriting 0
3067 1210 3306 1210 3306 1406 3067 1406 handwriting 0
3057 1473 3344 1473 3344 1726 3057 1726 handwriting 0
3117 1723 3307 1723 3307 1898.0000000000002 3117 1898.0000000000002 handwriting 0
3153 1947 3322 1947 3322 2103 3153 2103 handwriting 0
3144 2250 3340 2250 3340 2924 3144 2924 handwriting 0
3127 2923 3300 2923 3300 3076 3127 3076 handwriting 0
3053 3306 3297 3306 3297 3736 3053 3736 handwriting 0
942.9999999999999 3417 1033 3417 1033 3711 942.9999999999999 3711 handwriting 0
547 3480 730 3480 730 3706 547 3706 handwriting 0
480 2953 996 2953 996 3258 480 3258 handwriting 0